0.5	0
1.5	0
2.5	0
3.5	0
4.5	0
5.5	0
6.5	0
7.5	0
8.5	0
9.5	0
10.5	0
11.5	1
12.5	1
13.5	0
14.5	1
15.5	1
16.5	1
17.5	0
18.5	3
19.5	1
20.5	2
21.5	4
22.5	4
23.5	4
24.5	4
25.5	5
26.5	12
27.5	9
28.5	7
29.5	8
30.5	15
31.5	19
32.5	15
33.5	25
34.5	30
35.5	32
36.5	37
37.5	45
38.5	53
39.5	50
40.5	62
41.5	83
42.5	81
43.5	96
44.5	96
45.5	113
46.5	105
47.5	134
48.5	142
49.5	157
50.5	153
51.5	168
52.5	217
53.5	189
54.5	213
55.5	235
56.5	260
57.5	285
58.5	260
59.5	271
60.5	315
61.5	319
62.5	308
63.5	360
64.5	347
65.5	365
66.5	393
67.5	426
68.5	478
69.5	527
70.5	576
71.5	619
72.5	609
73.5	669
74.5	748
75.5	726
76.5	836
77.5	867
78.5	944
79.5	1037
80.5	1090
81.5	1157
82.5	1247
83.5	1375
84.5	1471
85.5	1518
86.5	1738
87.5	1673
88.5	1870
89.5	1889
90.5	2059
91.5	2139
92.5	2384
93.5	2359
94.5	2618
95.5	2620
96.5	2777
97.5	2950
98.5	3165
99.5	3328
100.5	3380
101.5	3483
102.5	3654
103.5	3907
104.5	4000
105.5	4021
106.5	4271
107.5	4499
108.5	4558
109.5	4710
110.5	4878
111.5	4926
112.5	5082
113.5	5261
114.5	5426
115.5	5641
116.5	5692
117.5	5872
118.5	6116
119.5	5997
120.5	6370
121.5	6348
122.5	6590
123.5	6712
124.5	6811
125.5	6980
126.5	6852
127.5	7032
128.5	7251
129.5	7169
130.5	7243
131.5	7414
132.5	7340
133.5	7520
134.5	7349
135.5	7452
136.5	7536
137.5	7598
138.5	7629
139.5	7517
140.5	7568
141.5	7522
142.5	7489
143.5	7345
144.5	7615
145.5	7417
146.5	7632
147.5	7615
148.5	7387
149.5	7410
150.5	7326
151.5	7369
152.5	7247
153.5	7252
154.5	7274
155.5	7478
156.5	7214
157.5	7214
158.5	7075
159.5	7101
160.5	7005
161.5	7081
162.5	6843
163.5	6917
164.5	6746
165.5	6732
166.5	6732
167.5	6843
168.5	6694
169.5	6592
170.5	6581
171.5	6660
172.5	6495
173.5	6434
174.5	6452
175.5	6469
176.5	6613
177.5	6388
178.5	6375
179.5	6206
180.5	6281
181.5	6141
182.5	6131
183.5	5985
184.5	6075
185.5	6056
186.5	6093
187.5	6074
188.5	5889
189.5	6036
190.5	5926
191.5	5864
192.5	6006
193.5	5851
194.5	5654
195.5	5650
196.5	5625
197.5	5658
198.5	5600
199.5	5513
200.5	5562
201.5	5568
202.5	5521
203.5	5558
204.5	5464
205.5	5475
206.5	5358
207.5	5283
208.5	5351
209.5	5306
210.5	5230
211.5	5249
212.5	5229
213.5	5217
214.5	5176
215.5	5064
216.5	5143
217.5	5065
218.5	5064
219.5	4976
220.5	4916
221.5	4876
222.5	4991
223.5	4899
224.5	4867
225.5	4834
226.5	4872
227.5	4887
228.5	4704
229.5	4636
230.5	4864
231.5	4662
232.5	4663
233.5	4606
234.5	4630
235.5	4718
236.5	4471
237.5	4566
238.5	4527
239.5	4559
240.5	4440
241.5	4489
242.5	4441
243.5	4285
244.5	4489
245.5	4481
246.5	4395
247.5	4296
248.5	4361
249.5	4366
250.5	4152
251.5	4294
252.5	4192
253.5	4331
254.5	4180
255.5	4209
256.5	4149
257.5	4123
258.5	4136
259.5	4145
260.5	4056
261.5	4096
262.5	4146
263.5	4023
264.5	3971
265.5	3875
266.5	3960
267.5	3946
268.5	3902
269.5	3964
270.5	3931
271.5	3978
272.5	3952
273.5	3860
274.5	3989
275.5	3921
276.5	3776
277.5	3840
278.5	3752
279.5	3780
280.5	3781
281.5	3664
282.5	3643
283.5	3683
284.5	3770
285.5	3724
286.5	3647
287.5	3634
288.5	3626
289.5	3544
290.5	3592
291.5	3572
292.5	3539
293.5	3505
294.5	3470
295.5	3447
296.5	3467
297.5	3465
298.5	3390
299.5	3401
300.5	3417
301.5	3500
302.5	3425
303.5	3445
304.5	3306
305.5	3315
306.5	3427
307.5	3253
308.5	3361
309.5	3284
310.5	3243
311.5	3174
312.5	3202
313.5	3138
314.5	3269
315.5	3125
316.5	3234
317.5	3208
318.5	3217
319.5	3087
320.5	3275
321.5	3198
322.5	3138
323.5	3099
324.5	3045
325.5	3005
326.5	3031
327.5	3073
328.5	2984
329.5	3029
330.5	3022
331.5	2926
332.5	2898
333.5	3033
334.5	2941
335.5	2918
336.5	2906
337.5	2966
338.5	2839
339.5	2982
340.5	2874
341.5	2825
342.5	2950
343.5	2783
344.5	2807
345.5	2785
346.5	2848
347.5	2857
348.5	2799
349.5	2797
350.5	2770
351.5	2708
352.5	2785
353.5	2691
354.5	2773
355.5	2781
356.5	2640
357.5	2775
358.5	2654
359.5	2685
360.5	2692
361.5	2676
362.5	2614
363.5	2675
364.5	2682
365.5	2632
366.5	2587
367.5	2645
368.5	2642
369.5	2554
370.5	2528
371.5	2560
372.5	2543
373.5	2589
374.5	2571
375.5	2481
376.5	2557
377.5	2553
378.5	2469
379.5	2576
380.5	2564
381.5	2477
382.5	2462
383.5	2468
384.5	2433
385.5	2520
386.5	2598
387.5	2517
388.5	2404
389.5	2490
390.5	2488
391.5	2389
392.5	2451
393.5	2355
394.5	2419
395.5	2366
396.5	2399
397.5	2337
398.5	2398
399.5	2448
400.5	2273
401.5	2338
402.5	2412
403.5	2422
404.5	2362
405.5	2343
406.5	2275
407.5	2336
408.5	2352
409.5	2279
410.5	2314
411.5	2243
412.5	2296
413.5	2330
414.5	2297
415.5	2249
416.5	2194
417.5	2301
418.5	2293
419.5	2189
420.5	2225
421.5	2224
422.5	2208
423.5	2176
424.5	2139
425.5	2219
426.5	2169
427.5	2300
428.5	2134
429.5	2196
430.5	2104
431.5	2146
432.5	2143
433.5	2101
434.5	2120
435.5	2052
436.5	2201
437.5	2062
438.5	2116
439.5	2155
440.5	2135
441.5	2072
442.5	2118
443.5	2100
444.5	2073
445.5	2003
446.5	2048
447.5	2128
448.5	2112
449.5	2044
450.5	1988
451.5	1992
452.5	1976
453.5	2087
454.5	2004
455.5	1918
456.5	1960
457.5	1981
458.5	1864
459.5	1966
460.5	1949
461.5	1886
462.5	1966
463.5	1885
464.5	1887
465.5	1858
466.5	1938
467.5	1843
468.5	1935
469.5	1873
470.5	1930
471.5	1879
472.5	1815
473.5	1830
474.5	1991
475.5	1974
476.5	1782
477.5	1856
478.5	1815
479.5	1808
480.5	1824
481.5	1898
482.5	1821
483.5	1871
484.5	1814
485.5	1792
486.5	1868
487.5	1731
488.5	1805
489.5	1793
490.5	1826
491.5	1824
492.5	1827
493.5	1866
494.5	1809
495.5	1821
496.5	1833
497.5	1781
498.5	1721
499.5	1784
500.5	1763
501.5	1670
502.5	1734
503.5	1647
504.5	1693
505.5	1678
506.5	1680
507.5	1683
508.5	1681
509.5	1726
510.5	1657
511.5	1693
512.5	1654
513.5	1662
514.5	1599
515.5	1710
516.5	1634
517.5	1685
518.5	1661
519.5	1661
520.5	1619
521.5	1573
522.5	1604
523.5	1643
524.5	1586
525.5	1598
526.5	1629
527.5	1575
528.5	1540
529.5	1546
530.5	1587
531.5	1605
532.5	1541
533.5	1567
534.5	1491
535.5	1520
536.5	1496
537.5	1516
538.5	1512
539.5	1503
540.5	1537
541.5	1588
542.5	1582
543.5	1492
544.5	1430
545.5	1494
546.5	1530
547.5	1514
548.5	1505
549.5	1480
550.5	1489
551.5	1436
552.5	1482
553.5	1442
554.5	1466
555.5	1392
556.5	1466
557.5	1465
558.5	1508
559.5	1468
560.5	1343
561.5	1394
562.5	1376
563.5	1432
564.5	1453
565.5	1460
566.5	1409
567.5	1384
568.5	1485
569.5	1322
570.5	1391
571.5	1406
572.5	1442
573.5	1328
574.5	1473
575.5	1432
576.5	1371
577.5	1436
578.5	1485
579.5	1489
580.5	1528
581.5	1681
582.5	1714
583.5	1829
584.5	2014
585.5	2260
586.5	2655
587.5	2831
588.5	3148
589.5	3530
590.5	3763
591.5	4022
592.5	4192
593.5	4462
594.5	4428
595.5	4663
596.5	4359
597.5	4124
598.5	3899
599.5	3653
600.5	3245
601.5	2966
602.5	2541
603.5	2307
604.5	1985
605.5	1749
606.5	1563
607.5	1425
608.5	1350
609.5	1302
610.5	1254
611.5	1204
612.5	1179
613.5	1118
614.5	1248
615.5	1189
616.5	1174
617.5	1193
618.5	1178
619.5	1202
620.5	1106
621.5	1128
622.5	1156
623.5	1173
624.5	1202
625.5	1181
626.5	1116
627.5	1182
628.5	1104
629.5	1113
630.5	1144
631.5	1151
632.5	1164
633.5	1084
634.5	1136
635.5	1123
636.5	1103
637.5	1047
638.5	1120
639.5	1105
640.5	1130
641.5	1060
642.5	1091
643.5	1095
644.5	1095
645.5	1100
646.5	1131
647.5	1111
648.5	1043
649.5	1074
650.5	1060
651.5	978
652.5	1078
653.5	1029
654.5	1105
655.5	1097
656.5	1030
657.5	1079
658.5	1023
659.5	1044
660.5	993
661.5	1019
662.5	1056
663.5	1032
664.5	962
665.5	1045
666.5	1016
667.5	1023
668.5	961
669.5	1005
670.5	980
671.5	1002
672.5	943
673.5	1021
674.5	1013
675.5	1005
676.5	962
677.5	975
678.5	919
679.5	956
680.5	971
681.5	970
682.5	917
683.5	962
684.5	971
685.5	915
686.5	898
687.5	892
688.5	1009
689.5	882
690.5	938
691.5	955
692.5	947
693.5	934
694.5	936
695.5	889
696.5	972
697.5	846
698.5	855
699.5	898
700.5	909
701.5	867
702.5	891
703.5	881
704.5	899
705.5	897
706.5	825
707.5	890
708.5	851
709.5	879
710.5	846
711.5	903
712.5	923
713.5	857
714.5	851
715.5	905
716.5	850
717.5	817
718.5	890
719.5	813
720.5	860
721.5	806
722.5	847
723.5	830
724.5	831
725.5	855
726.5	798
727.5	830
728.5	808
729.5	788
730.5	809
731.5	872
732.5	811
733.5	749
734.5	796
735.5	818
736.5	762
737.5	773
738.5	836
739.5	769
740.5	787
741.5	825
742.5	778
743.5	723
744.5	823
745.5	819
746.5	752
747.5	831
748.5	815
749.5	861
750.5	796
751.5	770
752.5	819
753.5	761
754.5	786
755.5	792
756.5	744
757.5	773
758.5	733
759.5	757
760.5	707
761.5	762
762.5	758
763.5	673
764.5	682
765.5	738
766.5	744
767.5	705
768.5	699
769.5	740
770.5	689
771.5	722
772.5	705
773.5	698
774.5	733
775.5	684
776.5	747
777.5	691
778.5	662
779.5	666
780.5	700
781.5	655
782.5	666
783.5	737
784.5	707
785.5	674
786.5	663
787.5	671
788.5	692
789.5	641
790.5	706
791.5	686
792.5	625
793.5	695
794.5	632
795.5	682
796.5	636
797.5	678
798.5	680
799.5	675
800.5	681
801.5	643
802.5	660
803.5	632
804.5	656
805.5	637
806.5	672
807.5	632
808.5	643
809.5	662
810.5	629
811.5	616
812.5	653
813.5	609
814.5	602
815.5	609
816.5	588
817.5	586
818.5	619
819.5	570
820.5	580
821.5	636
822.5	576
823.5	607
824.5	584
825.5	596
826.5	586
827.5	606
828.5	582
829.5	631
830.5	581
831.5	608
832.5	550
833.5	618
834.5	575
835.5	593
836.5	562
837.5	598
838.5	583
839.5	566
840.5	566
841.5	557
842.5	565
843.5	533
844.5	578
845.5	636
846.5	571
847.5	578
848.5	569
849.5	545
850.5	570
851.5	571
852.5	556
853.5	563
854.5	540
855.5	546
856.5	563
857.5	541
858.5	508
859.5	551
860.5	543
861.5	551
862.5	550
863.5	487
864.5	536
865.5	492
866.5	521
867.5	516
868.5	487
869.5	520
870.5	515
871.5	516
872.5	523
873.5	515
874.5	532
875.5	520
876.5	506
877.5	481
878.5	493
879.5	496
880.5	521
881.5	518
882.5	508
883.5	492
884.5	499
885.5	501
886.5	499
887.5	490
888.5	476
889.5	506
890.5	459
891.5	468
892.5	467
893.5	501
894.5	521
895.5	530
896.5	522
897.5	489
898.5	549
899.5	577
900.5	614
901.5	608
902.5	570
903.5	576
904.5	577
905.5	605
906.5	633
907.5	542
908.5	603
909.5	531
910.5	531
911.5	498
912.5	520
913.5	488
914.5	502
915.5	477
916.5	480
917.5	485
918.5	445
919.5	439
920.5	415
921.5	434
922.5	446
923.5	416
924.5	469
925.5	420
926.5	454
927.5	432
928.5	410
929.5	443
930.5	415
931.5	435
932.5	413
933.5	377
934.5	428
935.5	414
936.5	441
937.5	392
938.5	420
939.5	446
940.5	421
941.5	371
942.5	427
943.5	418
944.5	440
945.5	394
946.5	424
947.5	428
948.5	411
949.5	406
950.5	399
951.5	378
952.5	386
953.5	396
954.5	412
955.5	386
956.5	374
957.5	423
958.5	394
959.5	436
960.5	398
961.5	368
962.5	383
963.5	407
964.5	355
965.5	390
966.5	372
967.5	377
968.5	363
969.5	371
970.5	360
971.5	374
972.5	363
973.5	382
974.5	402
975.5	407
976.5	414
977.5	417
978.5	480
979.5	455
980.5	469
981.5	473
982.5	503
983.5	468
984.5	463
985.5	425
986.5	426
987.5	389
988.5	392
989.5	370
990.5	351
991.5	374
992.5	343
993.5	335
994.5	349
995.5	352
996.5	367
997.5	356
998.5	361
999.5	343
1000.5	374
1001.5	294
1002.5	332
1003.5	343
1004.5	330
1005.5	338
1006.5	379
1007.5	350
1008.5	346
1009.5	330
1010.5	329
1011.5	364
1012.5	335
1013.5	334
1014.5	339
1015.5	359
1016.5	350
1017.5	329
1018.5	338
1019.5	301
1020.5	315
1021.5	350
1022.5	316
1023.5	320
1024.5	332
1025.5	340
1026.5	326
1027.5	328
1028.5	335
1029.5	319
1030.5	331
1031.5	314
1032.5	335
1033.5	303
1034.5	329
1035.5	332
1036.5	311
1037.5	353
1038.5	378
1039.5	340
1040.5	354
1041.5	363
1042.5	331
1043.5	374
1044.5	350
1045.5	377
1046.5	367
1047.5	408
1048.5	371
1049.5	393
1050.5	408
1051.5	405
1052.5	440
1053.5	424
1054.5	420
1055.5	454
1056.5	426
1057.5	414
1058.5	425
1059.5	412
1060.5	407
1061.5	412
1062.5	411
1063.5	353
1064.5	365
1065.5	347
1066.5	335
1067.5	340
1068.5	302
1069.5	292
1070.5	292
1071.5	292
1072.5	289
1073.5	238
1074.5	270
1075.5	290
1076.5	279
1077.5	276
1078.5	289
1079.5	286
1080.5	279
1081.5	256
1082.5	268
1083.5	266
1084.5	289
1085.5	293
1086.5	262
1087.5	251
1088.5	252
1089.5	282
1090.5	253
1091.5	225
1092.5	271
1093.5	243
1094.5	265
1095.5	246
1096.5	258
1097.5	279
1098.5	276
1099.5	245
1100.5	244
1101.5	233
1102.5	265
1103.5	251
1104.5	253
1105.5	271
1106.5	260
1107.5	251
1108.5	266
1109.5	261
1110.5	271
1111.5	226
1112.5	259
1113.5	220
1114.5	264
1115.5	249
1116.5	260
1117.5	255
1118.5	253
1119.5	267
1120.5	243
1121.5	256
1122.5	234
1123.5	235
1124.5	240
1125.5	231
1126.5	247
1127.5	236
1128.5	244
1129.5	242
1130.5	257
1131.5	209
1132.5	252
1133.5	251
1134.5	242
1135.5	246
1136.5	222
1137.5	251
1138.5	249
1139.5	248
1140.5	228
1141.5	244
1142.5	267
1143.5	254
1144.5	241
1145.5	255
1146.5	231
1147.5	265
1148.5	295
1149.5	247
1150.5	279
1151.5	247
1152.5	271
1153.5	259
1154.5	236
1155.5	240
1156.5	252
1157.5	287
1158.5	254
1159.5	282
1160.5	241
1161.5	250
1162.5	279
1163.5	266
1164.5	269
1165.5	287
1166.5	294
1167.5	281
1168.5	293
1169.5	276
1170.5	295
1171.5	304
1172.5	321
1173.5	347
1174.5	334
1175.5	366
1176.5	348
1177.5	406
1178.5	428
1179.5	417
1180.5	465
1181.5	463
1182.5	500
1183.5	520
1184.5	560
1185.5	574
1186.5	660
1187.5	620
1188.5	695
1189.5	689
1190.5	744
1191.5	744
1192.5	818
1193.5	848
1194.5	875
1195.5	920
1196.5	1002
1197.5	1083
1198.5	1145
1199.5	1232
1200.5	1217
1201.5	1332
1202.5	1460
1203.5	1457
1204.5	1536
1205.5	1588
1206.5	1542
1207.5	1587
1208.5	1671
1209.5	1598
1210.5	1633
1211.5	1592
1212.5	1591
1213.5	1462
1214.5	1493
1215.5	1343
1216.5	1232
1217.5	1182
1218.5	1126
1219.5	1035
1220.5	962
1221.5	966
1222.5	820
1223.5	751
1224.5	730
1225.5	704
1226.5	624
1227.5	607
1228.5	540
1229.5	522
1230.5	497
1231.5	490
1232.5	476
1233.5	444
1234.5	391
1235.5	377
1236.5	375
1237.5	402
1238.5	307
1239.5	350
1240.5	339
1241.5	342
1242.5	279
1243.5	325
1244.5	322
1245.5	292
1246.5	285
1247.5	282
1248.5	265
1249.5	265
1250.5	247
1251.5	255
1252.5	247
1253.5	233
1254.5	251
1255.5	252
1256.5	217
1257.5	232
1258.5	223
1259.5	238
1260.5	246
1261.5	233
1262.5	212
1263.5	221
1264.5	192
1265.5	199
1266.5	194
1267.5	205
1268.5	181
1269.5	184
1270.5	179
1271.5	186
1272.5	160
1273.5	176
1274.5	173
1275.5	175
1276.5	145
1277.5	175
1278.5	178
1279.5	155
1280.5	173
1281.5	160
1282.5	167
1283.5	153
1284.5	163
1285.5	167
1286.5	158
1287.5	173
1288.5	157
1289.5	151
1290.5	188
1291.5	144
1292.5	156
1293.5	143
1294.5	162
1295.5	156
1296.5	159
1297.5	143
1298.5	135
1299.5	170
1300.5	161
1301.5	155
1302.5	150
1303.5	140
1304.5	146
1305.5	135
1306.5	156
1307.5	133
1308.5	127
1309.5	120
1310.5	129
1311.5	151
1312.5	154
1313.5	158
1314.5	190
1315.5	186
1316.5	180
1317.5	187
1318.5	202
1319.5	195
1320.5	216
1321.5	186
1322.5	188
1323.5	159
1324.5	166
1325.5	146
1326.5	139
1327.5	130
1328.5	142
1329.5	151
1330.5	147
1331.5	136
1332.5	130
1333.5	121
1334.5	125
1335.5	108
1336.5	132
1337.5	105
1338.5	123
1339.5	127
1340.5	117
1341.5	133
1342.5	108
1343.5	122
1344.5	125
1345.5	131
1346.5	141
1347.5	100
1348.5	123
1349.5	122
1350.5	124
1351.5	137
1352.5	128
1353.5	122
1354.5	100
1355.5	127
1356.5	138
1357.5	142
1358.5	104
1359.5	118
1360.5	118
1361.5	121
1362.5	108
1363.5	124
1364.5	97
1365.5	121
1366.5	117
1367.5	128
1368.5	120
1369.5	117
1370.5	133
1371.5	125
1372.5	126
1373.5	113
1374.5	102
1375.5	107
1376.5	121
1377.5	115
1378.5	111
1379.5	114
1380.5	112
1381.5	126
1382.5	102
1383.5	127
1384.5	100
1385.5	113
1386.5	106
1387.5	100
1388.5	112
1389.5	120
1390.5	127
1391.5	107
1392.5	95
1393.5	105
1394.5	122
1395.5	80
1396.5	103
1397.5	98
1398.5	90
1399.5	123
1400.5	109
1401.5	102
1402.5	116
1403.5	88
1404.5	114
1405.5	102
1406.5	93
1407.5	120
1408.5	101
1409.5	87
1410.5	88
1411.5	98
1412.5	103
1413.5	99
1414.5	88
1415.5	95
1416.5	86
1417.5	92
1418.5	100
1419.5	100
1420.5	92
1421.5	82
1422.5	112
1423.5	104
1424.5	83
1425.5	114
1426.5	101
1427.5	97
1428.5	135
1429.5	109
1430.5	142
1431.5	138
1432.5	119
1433.5	137
1434.5	123
1435.5	141
1436.5	136
1437.5	136
1438.5	145
1439.5	134
1440.5	146
1441.5	133
1442.5	113
1443.5	119
1444.5	110
1445.5	94
1446.5	103
1447.5	85
1448.5	95
1449.5	83
1450.5	82
1451.5	85
1452.5	73
1453.5	92
1454.5	79
1455.5	76
1456.5	76
1457.5	77
1458.5	76
1459.5	88
1460.5	75
1461.5	64
1462.5	70
1463.5	61
1464.5	79
1465.5	77
1466.5	80
1467.5	77
1468.5	86
1469.5	89
1470.5	104
1471.5	93
1472.5	91
1473.5	77
1474.5	65
1475.5	74
1476.5	94
1477.5	85
1478.5	71
1479.5	96
1480.5	75
1481.5	86
1482.5	102
1483.5	90
1484.5	79
1485.5	84
1486.5	83
1487.5	93
1488.5	84
1489.5	106
1490.5	76
1491.5	93
1492.5	113
1493.5	105
1494.5	78
1495.5	88
1496.5	106
1497.5	81
1498.5	98
1499.5	102
1500.5	90
1501.5	94
1502.5	105
1503.5	92
1504.5	102
1505.5	99
1506.5	72
1507.5	90
1508.5	72
1509.5	79
1510.5	85
1511.5	82
1512.5	83
1513.5	69
1514.5	87
1515.5	62
1516.5	70
1517.5	78
1518.5	72
1519.5	87
1520.5	67
1521.5	50
1522.5	56
1523.5	82
1524.5	79
1525.5	67
1526.5	82
1527.5	62
1528.5	77
1529.5	60
1530.5	73
1531.5	67
1532.5	72
1533.5	50
1534.5	59
1535.5	66
1536.5	71
1537.5	76
1538.5	64
1539.5	63
1540.5	70
1541.5	62
1542.5	56
1543.5	52
1544.5	72
1545.5	68
1546.5	72
1547.5	65
1548.5	64
1549.5	74
1550.5	65
1551.5	61
1552.5	72
1553.5	64
1554.5	60
1555.5	70
1556.5	46
1557.5	56
1558.5	49
1559.5	64
1560.5	50
1561.5	66
1562.5	67
1563.5	64
1564.5	47
1565.5	76
1566.5	47
1567.5	52
1568.5	57
1569.5	65
1570.5	70
1571.5	64
1572.5	59
1573.5	47
1574.5	58
1575.5	49
1576.5	54
1577.5	60
1578.5	47
1579.5	50
1580.5	54
1581.5	64
1582.5	44
1583.5	60
1584.5	49
1585.5	46
1586.5	58
1587.5	54
1588.5	43
1589.5	44
1590.5	63
1591.5	60
1592.5	59
1593.5	59
1594.5	53
1595.5	59
1596.5	44
1597.5	45
1598.5	35
1599.5	55
1600.5	55
1601.5	49
1602.5	41
1603.5	48
1604.5	55
1605.5	53
1606.5	57
1607.5	64
1608.5	41
1609.5	63
1610.5	65
1611.5	44
1612.5	61
1613.5	42
1614.5	42
1615.5	62
1616.5	48
1617.5	63
1618.5	52
1619.5	56
1620.5	52
1621.5	58
1622.5	65
1623.5	52
1624.5	55
1625.5	54
1626.5	52
1627.5	41
1628.5	57
1629.5	50
1630.5	55
1631.5	60
1632.5	59
1633.5	66
1634.5	60
1635.5	58
1636.5	51
1637.5	54
1638.5	55
1639.5	65
1640.5	65
1641.5	66
1642.5	70
1643.5	70
1644.5	60
1645.5	71
1646.5	65
1647.5	69
1648.5	82
1649.5	69
1650.5	75
1651.5	76
1652.5	87
1653.5	76
1654.5	92
1655.5	101
1656.5	100
1657.5	86
1658.5	94
1659.5	95
1660.5	86
1661.5	89
1662.5	103
1663.5	115
1664.5	101
1665.5	124
1666.5	135
1667.5	132
1668.5	93
1669.5	136
1670.5	132
1671.5	120
1672.5	111
1673.5	108
1674.5	115
1675.5	103
1676.5	117
1677.5	90
1678.5	100
1679.5	94
1680.5	76
1681.5	72
1682.5	75
1683.5	66
1684.5	76
1685.5	72
1686.5	58
1687.5	67
1688.5	68
1689.5	65
1690.5	54
1691.5	52
1692.5	67
1693.5	53
1694.5	73
1695.5	69
1696.5	66
1697.5	60
1698.5	52
1699.5	65
1700.5	47
1701.5	45
1702.5	48
1703.5	63
1704.5	44
1705.5	44
1706.5	54
1707.5	55
1708.5	65
1709.5	38
1710.5	49
1711.5	52
1712.5	38
1713.5	37
1714.5	44
1715.5	49
1716.5	49
1717.5	40
1718.5	52
1719.5	49
1720.5	47
1721.5	38
1722.5	41
1723.5	41
1724.5	45
1725.5	51
1726.5	38
1727.5	45
1728.5	23
1729.5	39
1730.5	35
1731.5	38
1732.5	40
1733.5	37
1734.5	35
1735.5	40
1736.5	56
1737.5	37
1738.5	47
1739.5	34
1740.5	45
1741.5	33
1742.5	47
1743.5	38
1744.5	43
1745.5	44
1746.5	38
1747.5	39
1748.5	47
1749.5	41
1750.5	44
1751.5	42
1752.5	44
1753.5	55
1754.5	48
1755.5	46
1756.5	39
1757.5	56
1758.5	39
1759.5	52
1760.5	43
1761.5	46
1762.5	34
1763.5	46
1764.5	52
1765.5	38
1766.5	35
1767.5	43
1768.5	47
1769.5	31
1770.5	39
1771.5	32
1772.5	39
1773.5	42
1774.5	39
1775.5	33
1776.5	43
1777.5	39
1778.5	32
1779.5	36
1780.5	35
1781.5	38
1782.5	36
1783.5	24
1784.5	27
1785.5	35
1786.5	32
1787.5	31
1788.5	43
1789.5	36
1790.5	28
1791.5	40
1792.5	30
1793.5	35
1794.5	35
1795.5	34
1796.5	28
1797.5	30
1798.5	35
1799.5	26
1800.5	34
1801.5	37
1802.5	42
1803.5	37
1804.5	38
1805.5	23
1806.5	31
1807.5	30
1808.5	43
1809.5	25
1810.5	28
1811.5	39
1812.5	32
1813.5	33
1814.5	37
1815.5	33
1816.5	41
1817.5	45
1818.5	43
1819.5	44
1820.5	43
1821.5	37
1822.5	36
1823.5	40
1824.5	37
1825.5	37
1826.5	34
1827.5	43
1828.5	23
1829.5	32
1830.5	34
1831.5	32
1832.5	28
1833.5	34
1834.5	41
1835.5	37
1836.5	41
1837.5	27
1838.5	32
1839.5	36
1840.5	40
1841.5	30
1842.5	40
1843.5	31
1844.5	23
1845.5	35
1846.5	28
1847.5	33
1848.5	39
1849.5	42
1850.5	49
1851.5	53
1852.5	42
1853.5	35
1854.5	35
1855.5	50
1856.5	40
1857.5	41
1858.5	38
1859.5	28
1860.5	37
1861.5	52
1862.5	31
1863.5	29
1864.5	35
1865.5	28
1866.5	28
1867.5	21
1868.5	38
1869.5	27
1870.5	35
1871.5	24
1872.5	33
1873.5	31
1874.5	28
1875.5	26
1876.5	43
1877.5	29
1878.5	24
1879.5	35
1880.5	35
1881.5	29
1882.5	24
1883.5	37
1884.5	28
1885.5	39
1886.5	26
1887.5	27
1888.5	30
1889.5	27
1890.5	29
1891.5	30
1892.5	33
1893.5	39
1894.5	36
1895.5	27
1896.5	23
1897.5	29
1898.5	26
1899.5	20
1900.5	19
1901.5	30
1902.5	27
1903.5	18
1904.5	42
1905.5	26
1906.5	21
1907.5	15
1908.5	29
1909.5	28
1910.5	34
1911.5	38
1912.5	25
1913.5	33
1914.5	14
1915.5	32
1916.5	33
1917.5	30
1918.5	17
1919.5	35
1920.5	30
1921.5	27
1922.5	26
1923.5	23
1924.5	20
1925.5	30
1926.5	32
1927.5	36
1928.5	25
1929.5	27
1930.5	35
1931.5	28
1932.5	40
1933.5	30
1934.5	27
1935.5	32
1936.5	20
1937.5	31
1938.5	37
1939.5	26
1940.5	32
1941.5	38
1942.5	33
1943.5	37
1944.5	24
1945.5	40
1946.5	28
1947.5	24
1948.5	44
1949.5	39
1950.5	43
1951.5	37
1952.5	31
1953.5	37
1954.5	31
1955.5	27
1956.5	39
1957.5	32
1958.5	35
1959.5	38
1960.5	43
1961.5	38
1962.5	37
1963.5	38
1964.5	38
1965.5	46
1966.5	31
1967.5	37
1968.5	37
1969.5	40
1970.5	39
1971.5	42
1972.5	52
1973.5	38
1974.5	50
1975.5	36
1976.5	39
1977.5	38
1978.5	52
1979.5	46
1980.5	38
1981.5	50
1982.5	44
1983.5	45
1984.5	51
1985.5	41
1986.5	42
1987.5	50
1988.5	47
1989.5	37
1990.5	51
1991.5	61
1992.5	63
1993.5	55
1994.5	50
1995.5	41
1996.5	48
1997.5	64
1998.5	69
1999.5	57
2000.5	60
2001.5	71
2002.5	83
2003.5	71
2004.5	81
2005.5	81
2006.5	69
2007.5	76
2008.5	81
2009.5	78
2010.5	89
2011.5	74
2012.5	69
2013.5	72
2014.5	81
2015.5	83
2016.5	101
2017.5	78
2018.5	80
2019.5	91
2020.5	92
2021.5	81
2022.5	100
2023.5	90
2024.5	78
2025.5	83
2026.5	83
2027.5	83
2028.5	94
2029.5	89
2030.5	90
2031.5	88
2032.5	90
2033.5	78
2034.5	90
2035.5	83
2036.5	79
2037.5	74
2038.5	79
2039.5	84
2040.5	85
2041.5	83
2042.5	72
2043.5	74
2044.5	86
2045.5	95
2046.5	83
2047.5	92
2048.5	84
2049.5	83
2050.5	95
2051.5	100
2052.5	92
2053.5	101
2054.5	113
2055.5	101
2056.5	115
2057.5	110
2058.5	104
2059.5	124
2060.5	123
2061.5	101
2062.5	131
2063.5	113
2064.5	135
2065.5	118
2066.5	153
2067.5	134
2068.5	137
2069.5	166
2070.5	153
2071.5	166
2072.5	171
2073.5	178
2074.5	166
2075.5	164
2076.5	181
2077.5	204
2078.5	219
2079.5	227
2080.5	227
2081.5	256
2082.5	244
2083.5	283
2084.5	281
2085.5	313
2086.5	381
2087.5	340
2088.5	383
2089.5	402
2090.5	420
2091.5	481
2092.5	499
2093.5	524
2094.5	620
2095.5	649
2096.5	723
2097.5	771
2098.5	835
2099.5	977
2100.5	1046
2101.5	1179
2102.5	1373
2103.5	1667
2104.5	2034
2105.5	2558
2106.5	3100
2107.5	3967
2108.5	5025
2109.5	6188
2110.5	7612
2111.5	9286
2112.5	11122
2113.5	12403
2114.5	14197
2115.5	15743
2116.5	17184
2117.5	18255
2118.5	19080
2119.5	19964
2120.5	20652
2121.5	20573
2122.5	20379
2123.5	20254
2124.5	19672
2125.5	18646
2126.5	17708
2127.5	16696
2128.5	14705
2129.5	13525
2130.5	11898
2131.5	10347
2132.5	8689
2133.5	7263
2134.5	5935
2135.5	4754
2136.5	3846
2137.5	3070
2138.5	2679
2139.5	2337
2140.5	2141
2141.5	2056
2142.5	1929
2143.5	1760
2144.5	1737
2145.5	1671
2146.5	1683
2147.5	1554
2148.5	1636
2149.5	1475
2150.5	1424
2151.5	1425
2152.5	1278
2153.5	1192
2154.5	1007
2155.5	790
2156.5	682
2157.5	518
2158.5	354
2159.5	225
2160.5	156
2161.5	93
2162.5	79
2163.5	51
2164.5	48
2165.5	48
2166.5	34
2167.5	44
2168.5	40
2169.5	33
2170.5	28
2171.5	37
2172.5	19
2173.5	34
2174.5	29
2175.5	25
2176.5	32
2177.5	41
2178.5	26
2179.5	41
2180.5	37
2181.5	30
2182.5	30
2183.5	29
2184.5	48
2185.5	40
2186.5	59
2187.5	45
2188.5	52
2189.5	47
2190.5	51
2191.5	56
2192.5	64
2193.5	60
2194.5	66
2195.5	79
2196.5	83
2197.5	86
2198.5	63
2199.5	80
2200.5	86
2201.5	87
2202.5	115
2203.5	106
2204.5	104
2205.5	113
2206.5	141
2207.5	122
2208.5	122
2209.5	124
2210.5	130
2211.5	136
2212.5	135
2213.5	135
2214.5	129
2215.5	126
2216.5	112
2217.5	98
2218.5	90
2219.5	100
2220.5	90
2221.5	64
2222.5	65
2223.5	57
2224.5	59
2225.5	41
2226.5	48
2227.5	47
2228.5	37
2229.5	37
2230.5	35
2231.5	38
2232.5	37
2233.5	36
2234.5	35
2235.5	25
2236.5	50
2237.5	43
2238.5	37
2239.5	44
2240.5	56
2241.5	41
2242.5	44
2243.5	28
2244.5	43
2245.5	71
2246.5	44
2247.5	43
2248.5	67
2249.5	68
2250.5	53
2251.5	45
2252.5	55
2253.5	52
2254.5	53
2255.5	50
2256.5	54
2257.5	66
2258.5	59
2259.5	58
2260.5	54
2261.5	45
2262.5	65
2263.5	55
2264.5	61
2265.5	62
2266.5	64
2267.5	64
2268.5	70
2269.5	62
2270.5	70
2271.5	69
2272.5	74
2273.5	60
2274.5	60
2275.5	91
2276.5	82
2277.5	84
2278.5	85
2279.5	87
2280.5	72
2281.5	72
2282.5	84
2283.5	87
2284.5	89
2285.5	88
2286.5	96
2287.5	78
2288.5	87
2289.5	89
2290.5	96
2291.5	98
2292.5	110
2293.5	88
2294.5	95
2295.5	95
2296.5	91
2297.5	102
2298.5	113
2299.5	107
2300.5	111
2301.5	121
2302.5	115
2303.5	119
2304.5	130
2305.5	116
2306.5	145
2307.5	123
2308.5	106
2309.5	133
2310.5	157
2311.5	165
2312.5	131
2313.5	136
2314.5	127
2315.5	145
2316.5	181
2317.5	165
2318.5	162
2319.5	158
2320.5	168
2321.5	193
2322.5	191
2323.5	195
2324.5	202
2325.5	186
2326.5	204
2327.5	211
2328.5	201
2329.5	222
2330.5	210
2331.5	197
2332.5	248
2333.5	245
2334.5	254
2335.5	275
2336.5	250
2337.5	261
2338.5	300
2339.5	292
2340.5	315
2341.5	290
2342.5	301
2343.5	328
2344.5	354
2345.5	355
2346.5	374
2347.5	386
2348.5	346
2349.5	399
2350.5	403
2351.5	474
2352.5	407
2353.5	459
2354.5	481
2355.5	479
2356.5	485
2357.5	515
2358.5	584
2359.5	628
2360.5	595
2361.5	621
2362.5	645
2363.5	708
2364.5	711
2365.5	696
2366.5	775
2367.5	805
2368.5	805
2369.5	920
2370.5	906
2371.5	931
2372.5	1013
2373.5	1152
2374.5	1078
2375.5	1110
2376.5	1216
2377.5	1261
2378.5	1295
2379.5	1472
2380.5	1640
2381.5	1625
2382.5	1795
2383.5	1841
2384.5	2116
2385.5	2276
2386.5	2461
2387.5	2539
2388.5	2868
2389.5	2951
2390.5	3283
2391.5	3435
2392.5	3600
2393.5	3838
2394.5	4101
2395.5	4307
2396.5	4767
2397.5	5048
2398.5	5397
2399.5	5813
2400.5	6246
2401.5	6785
2402.5	7163
2403.5	7958
2404.5	8417
2405.5	9153
2406.5	9827
2407.5	11199
2408.5	12055
2409.5	13128
2410.5	14067
2411.5	15279
2412.5	16630
2413.5	17699
2414.5	19046
2415.5	19963
2416.5	20903
2417.5	21893
2418.5	22679
2419.5	23259
2420.5	23901
2421.5	24248
2422.5	24020
2423.5	24313
2424.5	23887
2425.5	23606
2426.5	22985
2427.5	22106
2428.5	21520
2429.5	20483
2430.5	19337
2431.5	18264
2432.5	17035
2433.5	15914
2434.5	14832
2435.5	13539
2436.5	12317
2437.5	11161
2438.5	10225
2439.5	9618
2440.5	8594
2441.5	7799
2442.5	7068
2443.5	6400
2444.5	6008
2445.5	5409
2446.5	5204
2447.5	4590
2448.5	4270
2449.5	4040
2450.5	3706
2451.5	3518
2452.5	3181
2453.5	3058
2454.5	2883
2455.5	2828
2456.5	2585
2457.5	2487
2458.5	2369
2459.5	2228
2460.5	2098
2461.5	2040
2462.5	1969
2463.5	1777
2464.5	1759
2465.5	1687
2466.5	1682
2467.5	1618
2468.5	1610
2469.5	1501
2470.5	1530
2471.5	1449
2472.5	1416
2473.5	1425
2474.5	1365
2475.5	1313
2476.5	1276
2477.5	1261
2478.5	1249
2479.5	1263
2480.5	1219
2481.5	1255
2482.5	1147
2483.5	1232
2484.5	1192
2485.5	1157
2486.5	1215
2487.5	1237
2488.5	1188
2489.5	1218
2490.5	1228
2491.5	1195
2492.5	1304
2493.5	1244
2494.5	1281
2495.5	1290
2496.5	1311
2497.5	1344
2498.5	1390
2499.5	1436
2500.5	1422
2501.5	1491
2502.5	1468
2503.5	1526
2504.5	1557
2505.5	1607
2506.5	1639
2507.5	1573
2508.5	1701
2509.5	1675
2510.5	1649
2511.5	1695
2512.5	1637
2513.5	1739
2514.5	1610
2515.5	1657
2516.5	1584
2517.5	1592
2518.5	1539
2519.5	1461
2520.5	1404
2521.5	1384
2522.5	1354
2523.5	1284
2524.5	1204
2525.5	1199
2526.5	1131
2527.5	1114
2528.5	1051
2529.5	1008
2530.5	987
2531.5	917
2532.5	902
2533.5	833
2534.5	831
2535.5	757
2536.5	722
2537.5	737
2538.5	683
2539.5	627
2540.5	617
2541.5	607
2542.5	590
2543.5	545
2544.5	551
2545.5	515
2546.5	498
2547.5	480
2548.5	499
2549.5	442
2550.5	464
2551.5	447
2552.5	483
2553.5	415
2554.5	413
2555.5	422
2556.5	401
2557.5	391
2558.5	363
2559.5	345
2560.5	347
2561.5	370
2562.5	326
2563.5	310
2564.5	338
2565.5	322
2566.5	344
2567.5	307
2568.5	297
2569.5	301
2570.5	294
2571.5	285
2572.5	274
2573.5	264
2574.5	243
2575.5	306
2576.5	263
2577.5	263
2578.5	243
2579.5	249
2580.5	277
2581.5	249
2582.5	250
2583.5	263
2584.5	273
2585.5	231
2586.5	263
2587.5	223
2588.5	217
2589.5	221
2590.5	226
2591.5	251
2592.5	215
2593.5	208
2594.5	216
2595.5	210
2596.5	222
2597.5	204
2598.5	186
2599.5	197
2600.5	217
2601.5	194
2602.5	176
2603.5	218
2604.5	229
2605.5	167
2606.5	190
2607.5	159
2608.5	191
2609.5	207
2610.5	194
2611.5	184
2612.5	182
2613.5	196
2614.5	186
2615.5	156
2616.5	165
2617.5	164
2618.5	177
2619.5	168
2620.5	183
2621.5	188
2622.5	173
2623.5	162
2624.5	157
2625.5	166
2626.5	155
2627.5	176
2628.5	152
2629.5	165
2630.5	151
2631.5	139
2632.5	168
2633.5	141
2634.5	145
2635.5	140
2636.5	124
2637.5	137
2638.5	133
2639.5	146
2640.5	135
2641.5	127
2642.5	140
2643.5	133
2644.5	133
2645.5	109
2646.5	157
2647.5	91
2648.5	126
2649.5	134
2650.5	132
2651.5	115
2652.5	101
2653.5	106
2654.5	122
2655.5	114
2656.5	130
2657.5	131
2658.5	122
2659.5	133
2660.5	139
2661.5	122
2662.5	116
2663.5	122
2664.5	119
2665.5	132
2666.5	119
2667.5	108
2668.5	119
2669.5	114
2670.5	104
2671.5	110
2672.5	95
2673.5	106
2674.5	113
2675.5	123
2676.5	109
2677.5	128
2678.5	127
2679.5	131
2680.5	128
2681.5	131
2682.5	132
2683.5	118
2684.5	136
2685.5	120
2686.5	130
2687.5	135
2688.5	123
2689.5	127
2690.5	125
2691.5	143
2692.5	130
2693.5	137
2694.5	140
2695.5	123
2696.5	139
2697.5	126
2698.5	147
2699.5	141
2700.5	129
2701.5	139
2702.5	117
2703.5	118
2704.5	137
2705.5	128
2706.5	135
2707.5	137
2708.5	123
2709.5	132
2710.5	118
2711.5	130
2712.5	136
2713.5	123
2714.5	123
2715.5	129
2716.5	140
2717.5	125
2718.5	133
2719.5	147
2720.5	138
2721.5	131
2722.5	143
2723.5	130
2724.5	126
2725.5	142
2726.5	145
2727.5	134
2728.5	141
2729.5	130
2730.5	170
2731.5	143
2732.5	141
2733.5	171
2734.5	170
2735.5	156
2736.5	160
2737.5	176
2738.5	180
2739.5	182
2740.5	158
2741.5	186
2742.5	175
2743.5	180
2744.5	173
2745.5	169
2746.5	185
2747.5	185
2748.5	181
2749.5	197
2750.5	180
2751.5	195
2752.5	212
2753.5	191
2754.5	200
2755.5	201
2756.5	186
2757.5	201
2758.5	189
2759.5	197
2760.5	197
2761.5	202
2762.5	209
2763.5	177
2764.5	161
2765.5	183
2766.5	180
2767.5	166
2768.5	200
2769.5	201
2770.5	176
2771.5	178
2772.5	211
2773.5	183
2774.5	207
2775.5	180
2776.5	183
2777.5	192
2778.5	171
2779.5	184
2780.5	187
2781.5	227
2782.5	205
2783.5	200
2784.5	197
2785.5	186
2786.5	204
2787.5	251
2788.5	212
2789.5	243
2790.5	235
2791.5	247
2792.5	208
2793.5	231
2794.5	207
2795.5	242
2796.5	250
2797.5	223
2798.5	215
2799.5	202
2800.5	196
2801.5	183
2802.5	182
2803.5	167
2804.5	204
2805.5	176
2806.5	154
2807.5	178
2808.5	158
2809.5	156
2810.5	136
2811.5	125
2812.5	139
2813.5	115
2814.5	126
2815.5	119
2816.5	120
2817.5	120
2818.5	99
2819.5	105
2820.5	100
2821.5	106
2822.5	89
2823.5	105
2824.5	103
2825.5	98
2826.5	101
2827.5	98
2828.5	72
2829.5	77
2830.5	82
2831.5	91
2832.5	94
2833.5	104
2834.5	87
2835.5	108
2836.5	102
2837.5	97
2838.5	84
2839.5	89
2840.5	108
2841.5	91
2842.5	94
2843.5	120
2844.5	87
2845.5	91
2846.5	74
2847.5	96
2848.5	94
2849.5	102
2850.5	110
2851.5	96
2852.5	93
2853.5	111
2854.5	93
2855.5	93
2856.5	99
2857.5	99
2858.5	101
2859.5	96
2860.5	86
2861.5	92
2862.5	84
2863.5	88
2864.5	88
2865.5	66
2866.5	83
2867.5	74
2868.5	69
2869.5	65
2870.5	58
2871.5	53
2872.5	67
2873.5	67
2874.5	62
2875.5	63
2876.5	48
2877.5	58
2878.5	60
2879.5	52
2880.5	61
2881.5	51
2882.5	51
2883.5	42
2884.5	51
2885.5	51
2886.5	40
2887.5	32
2888.5	32
2889.5	46
2890.5	50
2891.5	64
2892.5	43
2893.5	45
2894.5	61
2895.5	33
2896.5	47
2897.5	44
2898.5	51
2899.5	60
2900.5	70
2901.5	51
2902.5	50
2903.5	57
2904.5	44
2905.5	40
2906.5	46
2907.5	41
2908.5	40
2909.5	37
2910.5	50
2911.5	43
2912.5	43
2913.5	36
2914.5	30
2915.5	34
2916.5	33
2917.5	31
2918.5	24
2919.5	30
2920.5	27
2921.5	22
2922.5	22
2923.5	22
2924.5	20
2925.5	22
2926.5	23
2927.5	21
2928.5	25
2929.5	28
2930.5	20
2931.5	27
2932.5	26
2933.5	32
2934.5	32
2935.5	19
2936.5	30
2937.5	35
2938.5	25
2939.5	34
2940.5	35
2941.5	24
2942.5	43
2943.5	35
2944.5	28
2945.5	35
2946.5	45
2947.5	42
2948.5	41
2949.5	21
2950.5	31
2951.5	36
2952.5	35
2953.5	23
2954.5	22
2955.5	36
2956.5	40
2957.5	28
2958.5	30
2959.5	35
2960.5	27
2961.5	39
2962.5	20
2963.5	24
2964.5	41
2965.5	28
2966.5	31
2967.5	30
2968.5	29
2969.5	27
2970.5	27
2971.5	29
2972.5	31
2973.5	35
2974.5	41
2975.5	25
2976.5	29
2977.5	31
2978.5	37
2979.5	33
2980.5	37
2981.5	36
2982.5	36
2983.5	36
2984.5	39
2985.5	45
2986.5	30
2987.5	36
2988.5	34
2989.5	30
2990.5	48
2991.5	42
2992.5	45
2993.5	42
2994.5	55
2995.5	37
2996.5	40
2997.5	45
2998.5	50
2999.5	30
3000.5	40
3001.5	38
3002.5	35
3003.5	39
3004.5	49
3005.5	34
3006.5	37
3007.5	37
3008.5	40
3009.5	51
3010.5	38
3011.5	49
3012.5	46
3013.5	48
3014.5	29
3015.5	36
3016.5	39
3017.5	49
3018.5	36
3019.5	47
3020.5	38
3021.5	32
3022.5	27
3023.5	31
3024.5	49
3025.5	27
3026.5	41
3027.5	29
3028.5	45
3029.5	31
3030.5	29
3031.5	38
3032.5	33
3033.5	52
3034.5	34
3035.5	38
3036.5	33
3037.5	35
3038.5	37
3039.5	38
3040.5	41
3041.5	39
3042.5	46
3043.5	31
3044.5	38
3045.5	30
3046.5	36
3047.5	26
3048.5	36
3049.5	32
3050.5	31
3051.5	33
3052.5	44
3053.5	32
3054.5	29
3055.5	23
3056.5	37
3057.5	39
3058.5	37
3059.5	40
3060.5	41
3061.5	36
3062.5	46
3063.5	27
3064.5	36
3065.5	34
3066.5	37
3067.5	26
3068.5	36
3069.5	50
3070.5	30
3071.5	42
3072.5	42
3073.5	43
3074.5	32
3075.5	61
3076.5	51
3077.5	51
3078.5	48
3079.5	57
3080.5	66
3081.5	55
3082.5	78
3083.5	80
3084.5	77
3085.5	79
3086.5	87
3087.5	97
3088.5	119
3089.5	102
3090.5	114
3091.5	117
3092.5	144
3093.5	135
3094.5	149
3095.5	163
3096.5	203
3097.5	165
3098.5	166
3099.5	199
3100.5	186
3101.5	181
3102.5	208
3103.5	192
3104.5	156
3105.5	162
3106.5	147
3107.5	148
3108.5	147
3109.5	142
3110.5	148
3111.5	127
3112.5	117
3113.5	123
3114.5	115
3115.5	116
3116.5	119
3117.5	110
3118.5	108
3119.5	117
3120.5	123
3121.5	117
3122.5	111
3123.5	128
3124.5	136
3125.5	138
3126.5	124
3127.5	141
3128.5	141
3129.5	151
3130.5	145
3131.5	150
3132.5	147
3133.5	166
3134.5	147
3135.5	139
3136.5	157
3137.5	137
3138.5	136
3139.5	116
3140.5	127
3141.5	116
3142.5	117
3143.5	112
3144.5	103
3145.5	81
3146.5	87
3147.5	86
3148.5	81
3149.5	76
3150.5	61
3151.5	74
3152.5	70
3153.5	62
3154.5	42
3155.5	63
3156.5	62
3157.5	52
3158.5	50
3159.5	55
3160.5	46
3161.5	40
3162.5	38
3163.5	39
3164.5	39
3165.5	36
3166.5	35
3167.5	50
3168.5	53
3169.5	35
3170.5	28
3171.5	31
3172.5	29
3173.5	43
3174.5	38
3175.5	41
3176.5	33
3177.5	41
3178.5	34
3179.5	38
3180.5	41
3181.5	34
3182.5	31
3183.5	38
3184.5	27
3185.5	32
3186.5	28
3187.5	36
3188.5	40
3189.5	47
3190.5	26
3191.5	33
3192.5	23
3193.5	26
3194.5	39
3195.5	34
3196.5	35
3197.5	27
3198.5	35
3199.5	30
3200.5	28
3201.5	31
3202.5	31
3203.5	26
3204.5	35
3205.5	26
3206.5	30
3207.5	27
3208.5	34
3209.5	38
3210.5	33
3211.5	27
3212.5	40
3213.5	28
3214.5	32
3215.5	24
3216.5	41
3217.5	35
3218.5	33
3219.5	28
3220.5	35
3221.5	39
3222.5	33
3223.5	32
3224.5	32
3225.5	40
3226.5	34
3227.5	38
3228.5	35
3229.5	26
3230.5	39
3231.5	37
3232.5	40
3233.5	41
3234.5	43
3235.5	42
3236.5	39
3237.5	41
3238.5	45
3239.5	43
3240.5	45
3241.5	36
3242.5	39
3243.5	28
3244.5	50
3245.5	33
3246.5	49
3247.5	50
3248.5	48
3249.5	52
3250.5	64
3251.5	38
3252.5	66
3253.5	57
3254.5	73
3255.5	57
3256.5	61
3257.5	49
3258.5	58
3259.5	73
3260.5	79
3261.5	65
3262.5	46
3263.5	65
3264.5	74
3265.5	74
3266.5	84
3267.5	66
3268.5	84
3269.5	76
3270.5	87
3271.5	77
3272.5	75
3273.5	75
3274.5	95
3275.5	93
3276.5	78
3277.5	82
3278.5	105
3279.5	110
3280.5	114
3281.5	102
3282.5	88
3283.5	93
3284.5	92
3285.5	116
3286.5	114
3287.5	117
3288.5	125
3289.5	132
3290.5	116
3291.5	127
3292.5	129
3293.5	135
3294.5	139
3295.5	146
3296.5	141
3297.5	143
3298.5	194
3299.5	183
3300.5	161
3301.5	182
3302.5	194
3303.5	169
3304.5	214
3305.5	210
3306.5	214
3307.5	268
3308.5	264
3309.5	277
3310.5	320
3311.5	338
3312.5	373
3313.5	400
3314.5	424
3315.5	404
3316.5	469
3317.5	474
3318.5	500
3319.5	590
3320.5	617
3321.5	671
3322.5	727
3323.5	737
3324.5	887
3325.5	917
3326.5	1038
3327.5	1241
3328.5	1276
3329.5	1485
3330.5	1645
3331.5	1947
3332.5	2266
3333.5	2682
3334.5	3260
3335.5	4319
3336.5	5697
3337.5	7821
3338.5	11208
3339.5	16023
3340.5	22326
3341.5	30597
3342.5	39790
3343.5	50498
3344.5	60360
3345.5	69155
3346.5	76659
3347.5	83296
3348.5	87520
3349.5	91757
3350.5	93682
3351.5	95075
3352.5	95996
3353.5	96734
3354.5	96832
3355.5	97083
3356.5	96671
3357.5	95979
3358.5	94891
3359.5	92958
3360.5	91224
3361.5	88135
3362.5	83822
3363.5	79253
3364.5	72651
3365.5	64832
3366.5	56288
3367.5	47235
3368.5	36850
3369.5	27425
3370.5	18570
3371.5	11904
3372.5	6966
3373.5	3596
3374.5	1678
3375.5	813
3376.5	327
3377.5	174
3378.5	100
3379.5	76
3380.5	60
3381.5	53
3382.5	46
3383.5	53
3384.5	47
3385.5	42
3386.5	49
3387.5	40
3388.5	37
3389.5	52
3390.5	49
3391.5	39
3392.5	37
3393.5	32
3394.5	37
3395.5	30
3396.5	28
3397.5	29
3398.5	34
3399.5	35
3400.5	36
3401.5	32
3402.5	33
3403.5	33
3404.5	36
3405.5	31
3406.5	31
3407.5	24
3408.5	29
3409.5	25
3410.5	27
3411.5	24
3412.5	28
3413.5	23
3414.5	23
3415.5	31
3416.5	24
3417.5	25
3418.5	25
3419.5	23
3420.5	36
3421.5	21
3422.5	25
3423.5	16
3424.5	18
3425.5	16
3426.5	15
3427.5	14
3428.5	16
3429.5	11
3430.5	21
3431.5	21
3432.5	14
3433.5	16
3434.5	17
3435.5	19
3436.5	16
3437.5	19
3438.5	16
3439.5	20
3440.5	14
3441.5	24
3442.5	26
3443.5	17
3444.5	18
3445.5	18
3446.5	21
3447.5	14
3448.5	15
3449.5	15
3450.5	20
3451.5	23
3452.5	15
3453.5	13
3454.5	21
3455.5	14
3456.5	20
3457.5	19
3458.5	19
3459.5	15
3460.5	17
3461.5	12
3462.5	30
3463.5	22
3464.5	21
3465.5	17
3466.5	14
3467.5	12
3468.5	20
3469.5	13
3470.5	16
3471.5	12
3472.5	12
3473.5	18
3474.5	17
3475.5	15
3476.5	14
3477.5	25
3478.5	10
3479.5	10
3480.5	10
3481.5	11
3482.5	17
3483.5	11
3484.5	8
3485.5	9
3486.5	17
3487.5	13
3488.5	16
3489.5	13
3490.5	17
3491.5	11
3492.5	11
3493.5	9
3494.5	10
3495.5	16
3496.5	23
3497.5	14
3498.5	21
3499.5	16
3500.5	16
3501.5	15
3502.5	15
3503.5	14
3504.5	14
3505.5	15
3506.5	19
3507.5	20
3508.5	13
3509.5	21
3510.5	15
3511.5	9
3512.5	11
3513.5	21
3514.5	20
3515.5	16
3516.5	11
3517.5	15
3518.5	8
3519.5	19
3520.5	15
3521.5	14
3522.5	11
3523.5	15
3524.5	18
3525.5	13
3526.5	11
3527.5	19
3528.5	14
3529.5	16
3530.5	18
3531.5	10
3532.5	17
3533.5	24
3534.5	13
3535.5	25
3536.5	25
3537.5	26
3538.5	25
3539.5	21
3540.5	24
3541.5	27
3542.5	23
3543.5	26
3544.5	18
3545.5	23
3546.5	33
3547.5	27
3548.5	27
3549.5	29
3550.5	37
3551.5	42
3552.5	22
3553.5	36
3554.5	33
3555.5	43
3556.5	42
3557.5	36
3558.5	44
3559.5	55
3560.5	49
3561.5	65
3562.5	60
3563.5	74
3564.5	76
3565.5	82
3566.5	86
3567.5	106
3568.5	111
3569.5	114
3570.5	135
3571.5	153
3572.5	165
3573.5	207
3574.5	224
3575.5	242
3576.5	239
3577.5	227
3578.5	254
3579.5	284
3580.5	298
3581.5	254
3582.5	290
3583.5	247
3584.5	259
3585.5	275
3586.5	260
3587.5	299
3588.5	282
3589.5	352
3590.5	347
3591.5	356
3592.5	367
3593.5	387
3594.5	446
3595.5	440
3596.5	445
3597.5	472
3598.5	449
3599.5	446
3600.5	433
3601.5	449
3602.5	437
3603.5	434
3604.5	454
3605.5	388
3606.5	402
3607.5	418
3608.5	413
3609.5	396
3610.5	367
3611.5	339
3612.5	330
3613.5	271
3614.5	217
3615.5	201
3616.5	165
3617.5	146
3618.5	87
3619.5	76
3620.5	49
3621.5	53
3622.5	46
3623.5	49
3624.5	40
3625.5	42
3626.5	43
3627.5	39
3628.5	42
3629.5	47
3630.5	55
3631.5	58
3632.5	59
3633.5	67
3634.5	67
3635.5	76
3636.5	106
3637.5	133
3638.5	135
3639.5	149
3640.5	202
3641.5	194
3642.5	228
3643.5	276
3644.5	310
3645.5	348
3646.5	368
3647.5	366
3648.5	421
3649.5	408
3650.5	420
3651.5	418
3652.5	356
3653.5	363
3654.5	340
3655.5	301
3656.5	259
3657.5	248
3658.5	220
3659.5	171
3660.5	148
3661.5	131
3662.5	108
3663.5	93
3664.5	90
3665.5	72
3666.5	69
3667.5	77
3668.5	67
3669.5	55
3670.5	45
3671.5	51
3672.5	52
3673.5	48
3674.5	45
3675.5	45
3676.5	42
3677.5	48
3678.5	44
3679.5	41
3680.5	50
3681.5	52
3682.5	39
3683.5	45
3684.5	52
3685.5	67
3686.5	55
3687.5	61
3688.5	69
3689.5	66
3690.5	64
3691.5	54
3692.5	68
3693.5	72
3694.5	81
3695.5	98
3696.5	102
3697.5	106
3698.5	85
3699.5	106
3700.5	102
3701.5	125
3702.5	130
3703.5	152
3704.5	159
3705.5	157
3706.5	175
3707.5	161
3708.5	172
3709.5	209
3710.5	206
3711.5	185
3712.5	237
3713.5	252
3714.5	235
3715.5	248
3716.5	292
3717.5	252
3718.5	253
3719.5	283
3720.5	289
3721.5	301
3722.5	289
3723.5	302
3724.5	275
3725.5	306
3726.5	292
3727.5	257
3728.5	298
3729.5	273
3730.5	269
3731.5	276
3732.5	295
3733.5	255
3734.5	274
3735.5	223
3736.5	244
3737.5	206
3738.5	225
3739.5	224
3740.5	188
3741.5	223
3742.5	173
3743.5	187
3744.5	175
3745.5	151
3746.5	157
3747.5	161
3748.5	180
3749.5	140
3750.5	148
3751.5	163
3752.5	127
3753.5	130
3754.5	129
3755.5	146
3756.5	162
3757.5	115
3758.5	139
3759.5	124
3760.5	127
3761.5	116
3762.5	140
3763.5	132
3764.5	119
3765.5	149
3766.5	114
3767.5	137
3768.5	142
3769.5	131
3770.5	153
3771.5	143
3772.5	147
3773.5	171
3774.5	155
3775.5	162
3776.5	164
3777.5	176
3778.5	163
3779.5	177
3780.5	187
3781.5	172
3782.5	199
3783.5	183
3784.5	186
3785.5	161
3786.5	185
3787.5	155
3788.5	162
3789.5	152
3790.5	162
3791.5	159
3792.5	159
3793.5	136
3794.5	138
3795.5	135
3796.5	118
3797.5	135
3798.5	116
3799.5	92
3800.5	96
3801.5	104
3802.5	96
3803.5	89
3804.5	104
3805.5	90
3806.5	90
3807.5	94
3808.5	81
3809.5	70
3810.5	64
3811.5	72
3812.5	67
3813.5	63
3814.5	73
3815.5	62
3816.5	50
3817.5	77
3818.5	66
3819.5	59
3820.5	60
3821.5	59
3822.5	58
3823.5	52
3824.5	52
3825.5	59
3826.5	58
3827.5	50
3828.5	44
3829.5	52
3830.5	65
3831.5	58
3832.5	46
3833.5	44
3834.5	40
3835.5	45
3836.5	50
3837.5	53
3838.5	44
3839.5	57
3840.5	42
3841.5	44
3842.5	46
3843.5	49
3844.5	28
3845.5	28
3846.5	47
3847.5	47
3848.5	36
3849.5	47
3850.5	38
3851.5	48
3852.5	64
3853.5	49
3854.5	42
3855.5	56
3856.5	51
3857.5	44
3858.5	42
3859.5	52
3860.5	41
3861.5	42
3862.5	36
3863.5	43
3864.5	39
3865.5	35
3866.5	37
3867.5	46
3868.5	54
3869.5	48
3870.5	42
3871.5	45
3872.5	50
3873.5	45
3874.5	43
3875.5	47
3876.5	29
3877.5	64
3878.5	52
3879.5	38
3880.5	51
3881.5	52
3882.5	56
3883.5	47
3884.5	52
3885.5	44
3886.5	40
3887.5	49
3888.5	58
3889.5	53
3890.5	55
3891.5	47
3892.5	49
3893.5	49
3894.5	43
3895.5	57
3896.5	43
3897.5	54
3898.5	46
3899.5	39
3900.5	57
3901.5	45
3902.5	64
3903.5	52
3904.5	54
3905.5	46
3906.5	43
3907.5	63
3908.5	46
3909.5	54
3910.5	63
3911.5	58
3912.5	54
3913.5	59
3914.5	59
3915.5	67
3916.5	61
3917.5	79
3918.5	49
3919.5	69
3920.5	69
3921.5	59
3922.5	60
3923.5	73
3924.5	74
3925.5	74
3926.5	59
3927.5	55
3928.5	50
3929.5	68
3930.5	66
3931.5	74
3932.5	56
3933.5	63
3934.5	70
3935.5	66
3936.5	57
3937.5	75
3938.5	72
3939.5	68
3940.5	84
3941.5	74
3942.5	65
3943.5	99
3944.5	75
3945.5	90
3946.5	91
3947.5	76
3948.5	97
3949.5	114
3950.5	87
3951.5	92
3952.5	110
3953.5	104
3954.5	100
3955.5	113
3956.5	92
3957.5	116
3958.5	114
3959.5	134
3960.5	139
3961.5	104
3962.5	138
3963.5	135
3964.5	134
3965.5	139
3966.5	138
3967.5	140
3968.5	128
3969.5	146
3970.5	196
3971.5	173
3972.5	182
3973.5	200
3974.5	187
3975.5	201
3976.5	201
3977.5	250
3978.5	268
3979.5	252
3980.5	261
3981.5	272
3982.5	306
3983.5	294
3984.5	323
3985.5	315
3986.5	371
3987.5	340
3988.5	355
3989.5	369
3990.5	424
3991.5	442
3992.5	435
3993.5	471
3994.5	449
3995.5	472
3996.5	491
3997.5	543
3998.5	545
3999.5	535
4000.5	556
4001.5	479
4002.5	533
4003.5	489
4004.5	539
4005.5	534
4006.5	457
4007.5	456
4008.5	455
4009.5	469
4010.5	424
4011.5	435
4012.5	387
4013.5	345
4014.5	302
4015.5	276
4016.5	284
4017.5	248
4018.5	261
4019.5	246
4020.5	218
4021.5	172
4022.5	174
4023.5	154
4024.5	149
4025.5	118
4026.5	130
4027.5	142
4028.5	129
4029.5	95
4030.5	78
4031.5	94
4032.5	89
4033.5	74
4034.5	56
4035.5	60
4036.5	56
4037.5	59
4038.5	49
4039.5	59
4040.5	44
4041.5	51
4042.5	54
4043.5	46
4044.5	50
4045.5	44
4046.5	35
4047.5	30
4048.5	21
4049.5	26
4050.5	19
4051.5	22
4052.5	19
4053.5	18
4054.5	29
4055.5	13
4056.5	23
4057.5	13
4058.5	23
4059.5	14
4060.5	17
4061.5	5
4062.5	14
4063.5	4
4064.5	7
4065.5	15
4066.5	16
4067.5	13
4068.5	12
4069.5	13
4070.5	11
4071.5	11
4072.5	8
4073.5	9
4074.5	2
4075.5	6
4076.5	11
4077.5	10
4078.5	3
4079.5	6
4080.5	5
4081.5	2
4082.5	4
4083.5	7
4084.5	8
4085.5	4
4086.5	6
4087.5	11
4088.5	4
4089.5	11
4090.5	8
4091.5	2
4092.5	3
4093.5	5
4094.5	0
4095.5	7
4096.5	2
4097.5	1
4098.5	3
4099.5	4
4100.5	3
4101.5	3
4102.5	1
4103.5	4
4104.5	6
4105.5	3
4106.5	1
4107.5	4
4108.5	2
4109.5	1
4110.5	3
4111.5	3
4112.5	1
4113.5	4
4114.5	2
4115.5	7
4116.5	2
4117.5	2
4118.5	3
4119.5	4
4120.5	3
4121.5	7
4122.5	2
4123.5	8
4124.5	4
4125.5	4
4126.5	1
4127.5	7
4128.5	6
4129.5	3
4130.5	7
4131.5	7
4132.5	6
4133.5	11
4134.5	7
4135.5	6
4136.5	8
4137.5	7
4138.5	17
4139.5	12
4140.5	13
4141.5	11
4142.5	20
4143.5	14
4144.5	20
4145.5	17
4146.5	16
4147.5	15
4148.5	18
4149.5	15
4150.5	24
4151.5	24
4152.5	27
4153.5	22
4154.5	16
4155.5	18
4156.5	18
4157.5	18
4158.5	24
4159.5	23
4160.5	15
4161.5	17
4162.5	14
4163.5	16
4164.5	19
4165.5	17
4166.5	16
4167.5	19
4168.5	22
4169.5	17
4170.5	11
4171.5	13
4172.5	12
4173.5	9
4174.5	12
4175.5	14
4176.5	9
4177.5	11
4178.5	21
4179.5	10
4180.5	10
4181.5	16
4182.5	9
4183.5	12
4184.5	10
4185.5	8
4186.5	11
4187.5	8
4188.5	8
4189.5	15
4190.5	8
4191.5	5
4192.5	11
4193.5	8
4194.5	12
4195.5	13
4196.5	14
4197.5	10
4198.5	13
4199.5	8
4200.5	14
4201.5	12
4202.5	9
4203.5	10
4204.5	13
4205.5	21
4206.5	12
4207.5	9
4208.5	18
4209.5	9
4210.5	12
4211.5	4
4212.5	8
4213.5	11
4214.5	12
4215.5	12
4216.5	11
4217.5	10
4218.5	8
4219.5	5
4220.5	12
4221.5	12
4222.5	4
4223.5	6
4224.5	5
4225.5	12
4226.5	7
4227.5	8
4228.5	8
4229.5	8
4230.5	5
4231.5	2
4232.5	9
4233.5	5
4234.5	5
4235.5	5
4236.5	8
4237.5	6
4238.5	8
4239.5	7
4240.5	6
4241.5	8
4242.5	8
4243.5	6
4244.5	11
4245.5	8
4246.5	3
4247.5	4
4248.5	6
4249.5	3
4250.5	9
4251.5	4
4252.5	4
4253.5	10
4254.5	6
4255.5	6
4256.5	9
4257.5	6
4258.5	13
4259.5	3
4260.5	8
4261.5	11
4262.5	6
4263.5	11
4264.5	13
4265.5	5
4266.5	8
4267.5	6
4268.5	8
4269.5	8
4270.5	19
4271.5	4
4272.5	13
4273.5	10
4274.5	11
4275.5	12
4276.5	9
4277.5	11
4278.5	9
4279.5	9
4280.5	15
4281.5	15
4282.5	12
4283.5	18
4284.5	18
4285.5	19
4286.5	14
4287.5	13
4288.5	21
4289.5	16
4290.5	10
4291.5	26
4292.5	13
4293.5	26
4294.5	20
4295.5	19
4296.5	23
4297.5	25
4298.5	34
4299.5	34
4300.5	30
4301.5	31
4302.5	32
4303.5	30
4304.5	33
4305.5	28
4306.5	36
4307.5	43
4308.5	40
4309.5	61
4310.5	41
4311.5	61
4312.5	59
4313.5	65
4314.5	79
4315.5	86
4316.5	86
4317.5	89
4318.5	99
4319.5	121
4320.5	145
4321.5	142
4322.5	166
4323.5	153
4324.5	161
4325.5	180
4326.5	227
4327.5	221
4328.5	260
4329.5	270
4330.5	315
4331.5	295
4332.5	335
4333.5	318
4334.5	335
4335.5	345
4336.5	365
4337.5	376
4338.5	372
4339.5	376
4340.5	364
4341.5	381
4342.5	344
4343.5	328
4344.5	352
4345.5	330
4346.5	319
4347.5	283
4348.5	319
4349.5	281
4350.5	247
4351.5	276
4352.5	246
4353.5	236
4354.5	214
4355.5	192
4356.5	204
4357.5	173
4358.5	184
4359.5	158
4360.5	190
4361.5	162
4362.5	160
4363.5	149
4364.5	141
4365.5	124
4366.5	144
4367.5	142
4368.5	108
4369.5	115
4370.5	109
4371.5	112
4372.5	98
4373.5	92
4374.5	110
4375.5	102
4376.5	96
4377.5	93
4378.5	91
4379.5	69
4380.5	76
4381.5	67
4382.5	74
4383.5	91
4384.5	66
4385.5	91
4386.5	65
4387.5	77
4388.5	63
4389.5	78
4390.5	73
4391.5	78
4392.5	76
4393.5	70
4394.5	68
4395.5	52
4396.5	66
4397.5	58
4398.5	55
4399.5	66
4400.5	70
4401.5	47
4402.5	42
4403.5	37
4404.5	32
4405.5	33
4406.5	32
4407.5	28
4408.5	19
4409.5	22
4410.5	12
4411.5	16
4412.5	21
4413.5	17
4414.5	12
4415.5	23
4416.5	14
4417.5	17
4418.5	18
4419.5	13
4420.5	16
4421.5	15
4422.5	19
4423.5	13
4424.5	7
4425.5	17
4426.5	15
4427.5	14
4428.5	8
4429.5	12
4430.5	11
4431.5	21
4432.5	16
4433.5	16
4434.5	14
4435.5	17
4436.5	8
4437.5	10
4438.5	12
4439.5	11
4440.5	16
4441.5	7
4442.5	21
4443.5	13
4444.5	14
4445.5	13
4446.5	12
4447.5	12
4448.5	17
4449.5	13
4450.5	12
4451.5	13
4452.5	13
4453.5	10
4454.5	21
4455.5	6
4456.5	18
4457.5	14
4458.5	14
4459.5	10
4460.5	5
4461.5	12
4462.5	9
4463.5	11
4464.5	14
4465.5	11
4466.5	15
4467.5	14
4468.5	18
4469.5	17
4470.5	14
4471.5	18
4472.5	19
4473.5	15
4474.5	13
4475.5	17
4476.5	17
4477.5	14
4478.5	17
4479.5	15
4480.5	7
4481.5	19
4482.5	12
4483.5	13
4484.5	20
4485.5	16
4486.5	18
4487.5	17
4488.5	20
4489.5	12
4490.5	13
4491.5	13
4492.5	6
4493.5	15
4494.5	18
4495.5	18
4496.5	14
4497.5	21
4498.5	17
4499.5	24
4500.5	24
4501.5	33
4502.5	37
4503.5	24
4504.5	41
4505.5	45
4506.5	55
4507.5	82
4508.5	93
4509.5	114
4510.5	139
4511.5	181
4512.5	230
4513.5	265
4514.5	277
4515.5	297
4516.5	418
4517.5	398
4518.5	431
4519.5	425
4520.5	464
4521.5	489
4522.5	463
4523.5	477
4524.5	507
4525.5	492
4526.5	497
4527.5	482
4528.5	428
4529.5	395
4530.5	383
4531.5	359
4532.5	306
4533.5	250
4534.5	226
4535.5	181
4536.5	140
4537.5	103
4538.5	101
4539.5	88
4540.5	74
4541.5	46
4542.5	45
4543.5	35
4544.5	44
4545.5	44
4546.5	30
4547.5	34
4548.5	26
4549.5	33
4550.5	22
4551.5	28
4552.5	35
4553.5	26
4554.5	30
4555.5	27
4556.5	26
4557.5	19
4558.5	28
4559.5	34
4560.5	29
4561.5	25
4562.5	22
4563.5	29
4564.5	30
4565.5	24
4566.5	30
4567.5	28
4568.5	32
4569.5	20
4570.5	27
4571.5	23
4572.5	17
4573.5	23
4574.5	23
4575.5	36
4576.5	33
4577.5	23
4578.5	29
4579.5	25
4580.5	27
4581.5	35
4582.5	38
4583.5	33
4584.5	27
4585.5	28
4586.5	29
4587.5	34
4588.5	32
4589.5	32
4590.5	50
4591.5	34
4592.5	27
4593.5	46
4594.5	43
4595.5	48
4596.5	58
4597.5	42
4598.5	40
4599.5	40
4600.5	74
4601.5	54
4602.5	57
4603.5	57
4604.5	52
4605.5	59
4606.5	62
4607.5	86
4608.5	74
4609.5	71
4610.5	78
4611.5	87
4612.5	92
4613.5	93
4614.5	95
4615.5	103
4616.5	92
4617.5	94
4618.5	89
4619.5	100
4620.5	94
4621.5	128
4622.5	108
4623.5	118
4624.5	89
4625.5	93
4626.5	99
4627.5	93
4628.5	81
4629.5	91
4630.5	88
4631.5	75
4632.5	71
4633.5	71
4634.5	75
4635.5	70
4636.5	61
4637.5	57
4638.5	52
4639.5	58
4640.5	55
4641.5	45
4642.5	51
4643.5	46
4644.5	36
4645.5	43
4646.5	42
4647.5	31
4648.5	37
4649.5	37
4650.5	26
4651.5	28
4652.5	31
4653.5	34
4654.5	25
4655.5	25
4656.5	27
4657.5	33
4658.5	30
4659.5	22
4660.5	20
4661.5	38
4662.5	19
4663.5	23
4664.5	15
4665.5	21
4666.5	19
4667.5	22
4668.5	21
4669.5	13
4670.5	20
4671.5	22
4672.5	24
4673.5	22
4674.5	12
4675.5	17
4676.5	24
4677.5	16
4678.5	13
4679.5	17
4680.5	13
4681.5	14
4682.5	10
4683.5	23
4684.5	16
4685.5	16
4686.5	12
4687.5	17
4688.5	11
4689.5	10
4690.5	20
4691.5	15
4692.5	11
4693.5	23
4694.5	17
4695.5	19
4696.5	16
4697.5	19
4698.5	15
4699.5	28
4700.5	16
4701.5	9
4702.5	10
4703.5	16
4704.5	17
4705.5	9
4706.5	11
4707.5	16
4708.5	13
4709.5	16
4710.5	15
4711.5	12
4712.5	7
4713.5	11
4714.5	14
4715.5	21
4716.5	9
4717.5	12
4718.5	14
4719.5	13
4720.5	14
4721.5	12
4722.5	11
4723.5	15
4724.5	15
4725.5	9
4726.5	8
4727.5	14
4728.5	11
4729.5	12
4730.5	15
4731.5	12
4732.5	15
4733.5	10
4734.5	10
4735.5	11
4736.5	13
4737.5	12
4738.5	22
4739.5	14
4740.5	20
4741.5	21
4742.5	16
4743.5	12
4744.5	13
4745.5	13
4746.5	14
4747.5	16
4748.5	17
4749.5	14
4750.5	21
4751.5	13
4752.5	22
4753.5	8
4754.5	12
4755.5	19
4756.5	21
4757.5	19
4758.5	21
4759.5	22
4760.5	20
4761.5	15
4762.5	16
4763.5	25
4764.5	23
4765.5	25
4766.5	21
4767.5	19
4768.5	25
4769.5	24
4770.5	27
4771.5	37
4772.5	35
4773.5	31
4774.5	27
4775.5	27
4776.5	26
4777.5	36
4778.5	20
4779.5	25
4780.5	33
4781.5	33
4782.5	22
4783.5	27
4784.5	21
4785.5	18
4786.5	16
4787.5	15
4788.5	11
4789.5	13
4790.5	15
4791.5	10
4792.5	8
4793.5	13
4794.5	15
4795.5	10
4796.5	11
4797.5	5
4798.5	8
4799.5	4
4800.5	10
4801.5	6
4802.5	5
4803.5	5
4804.5	6
4805.5	6
4806.5	8
4807.5	10
4808.5	12
4809.5	7
4810.5	7
4811.5	11
4812.5	12
4813.5	12
4814.5	10
4815.5	11
4816.5	13
4817.5	12
4818.5	18
4819.5	14
4820.5	14
4821.5	14
4822.5	19
4823.5	16
4824.5	11
4825.5	20
4826.5	22
4827.5	21
4828.5	18
4829.5	20
4830.5	17
4831.5	22
4832.5	22
4833.5	25
4834.5	22
4835.5	33
4836.5	43
4837.5	47
4838.5	33
4839.5	49
4840.5	45
4841.5	59
4842.5	68
4843.5	60
4844.5	73
4845.5	68
4846.5	94
4847.5	113
4848.5	104
4849.5	107
4850.5	123
4851.5	138
4852.5	121
4853.5	173
4854.5	148
4855.5	155
4856.5	164
4857.5	142
4858.5	155
4859.5	193
4860.5	176
4861.5	169
4862.5	172
4863.5	153
4864.5	150
4865.5	124
4866.5	127
4867.5	132
4868.5	103
4869.5	109
4870.5	96
4871.5	107
4872.5	92
4873.5	92
4874.5	75
4875.5	68
4876.5	59
4877.5	55
4878.5	60
4879.5	36
4880.5	50
4881.5	45
4882.5	47
4883.5	48
4884.5	26
4885.5	30
4886.5	29
4887.5	33
4888.5	30
4889.5	39
4890.5	29
4891.5	30
4892.5	27
4893.5	15
4894.5	21
4895.5	30
4896.5	20
4897.5	25
4898.5	18
4899.5	30
4900.5	23
4901.5	19
4902.5	20
4903.5	21
4904.5	15
4905.5	13
4906.5	17
4907.5	20
4908.5	17
4909.5	16
4910.5	17
4911.5	13
4912.5	18
4913.5	21
4914.5	16
4915.5	14
4916.5	18
4917.5	21
4918.5	19
4919.5	16
4920.5	18
4921.5	14
4922.5	17
4923.5	19
4924.5	11
4925.5	7
4926.5	16
4927.5	17
4928.5	21
4929.5	18
4930.5	10
4931.5	11
4932.5	17
4933.5	18
4934.5	22
4935.5	15
4936.5	15
4937.5	17
4938.5	15
4939.5	19
4940.5	16
4941.5	21
4942.5	21
4943.5	26
4944.5	19
4945.5	19
4946.5	15
4947.5	28
4948.5	13
4949.5	18
4950.5	15
4951.5	28
4952.5	27
4953.5	18
4954.5	19
4955.5	20
4956.5	26
4957.5	18
4958.5	23
4959.5	20
4960.5	27
4961.5	31
4962.5	35
4963.5	23
4964.5	25
4965.5	20
4966.5	27
4967.5	31
4968.5	38
4969.5	45
4970.5	41
4971.5	43
4972.5	39
4973.5	47
4974.5	41
4975.5	41
4976.5	38
4977.5	43
4978.5	47
4979.5	37
4980.5	47
4981.5	54
4982.5	26
4983.5	48
4984.5	39
4985.5	37
4986.5	35
4987.5	41
4988.5	36
4989.5	30
4990.5	36
4991.5	28
4992.5	33
4993.5	23
4994.5	33
4995.5	27
4996.5	23
4997.5	30
4998.5	20
4999.5	22
5000.5	23
5001.5	9
5002.5	15
5003.5	20
5004.5	5
5005.5	20
5006.5	15
5007.5	16
5008.5	7
5009.5	16
5010.5	17
5011.5	18
5012.5	14
5013.5	3
5014.5	8
5015.5	9
5016.5	7
5017.5	10
5018.5	11
5019.5	8
5020.5	5
5021.5	7
5022.5	5
5023.5	7
5024.5	6
5025.5	6
5026.5	5
5027.5	13
5028.5	8
5029.5	10
5030.5	5
5031.5	14
5032.5	12
5033.5	10
5034.5	10
5035.5	10
5036.5	8
5037.5	14
5038.5	10
5039.5	13
5040.5	10
5041.5	9
5042.5	17
5043.5	11
5044.5	8
5045.5	6
5046.5	9
5047.5	12
5048.5	4
5049.5	13
5050.5	15
5051.5	10
5052.5	10
5053.5	12
5054.5	13
5055.5	14
5056.5	13
5057.5	9
5058.5	8
5059.5	8
5060.5	12
5061.5	5
5062.5	19
5063.5	13
5064.5	19
5065.5	13
5066.5	14
5067.5	15
5068.5	14
5069.5	9
5070.5	12
5071.5	14
5072.5	16
5073.5	15
5074.5	21
5075.5	19
5076.5	10
5077.5	17
5078.5	6
5079.5	16
5080.5	14
5081.5	15
5082.5	6
5083.5	19
5084.5	17
5085.5	16
5086.5	12
5087.5	12
5088.5	15
5089.5	14
5090.5	10
5091.5	17
5092.5	14
5093.5	19
5094.5	20
5095.5	20
5096.5	20
5097.5	17
5098.5	15
5099.5	29
5100.5	22
5101.5	14
5102.5	15
5103.5	18
5104.5	23
5105.5	19
5106.5	15
5107.5	19
5108.5	25
5109.5	23
5110.5	17
5111.5	17
5112.5	22
5113.5	23
5114.5	24
5115.5	25
5116.5	24
5117.5	21
5118.5	20
5119.5	25
5120.5	20
5121.5	24
5122.5	20
5123.5	22
5124.5	15
5125.5	9
5126.5	16
5127.5	19
5128.5	25
5129.5	18
5130.5	16
5131.5	20
5132.5	17
5133.5	23
5134.5	24
5135.5	28
5136.5	25
5137.5	27
5138.5	19
5139.5	19
5140.5	24
5141.5	31
5142.5	25
5143.5	35
5144.5	30
5145.5	26
5146.5	29
5147.5	36
5148.5	50
5149.5	51
5150.5	44
5151.5	50
5152.5	54
5153.5	43
5154.5	60
5155.5	48
5156.5	42
5157.5	34
5158.5	31
5159.5	18
5160.5	34
5161.5	24
5162.5	16
5163.5	19
5164.5	14
5165.5	14
5166.5	14
5167.5	9
5168.5	5
5169.5	9
5170.5	5
5171.5	7
5172.5	4
5173.5	5
5174.5	8
5175.5	5
5176.5	9
5177.5	10
5178.5	9
5179.5	13
5180.5	9
5181.5	9
5182.5	5
5183.5	3
5184.5	8
5185.5	8
5186.5	6
5187.5	10
5188.5	10
5189.5	7
5190.5	5
5191.5	9
5192.5	10
5193.5	3
5194.5	5
5195.5	6
5196.5	13
5197.5	3
5198.5	7
5199.5	8
5200.5	5
5201.5	8
5202.5	7
5203.5	10
5204.5	10
5205.5	2
5206.5	9
5207.5	6
5208.5	7
5209.5	6
5210.5	8
5211.5	7
5212.5	10
5213.5	9
5214.5	8
5215.5	9
5216.5	7
5217.5	7
5218.5	7
5219.5	5
5220.5	9
5221.5	6
5222.5	5
5223.5	5
5224.5	11
5225.5	4
5226.5	8
5227.5	8
5228.5	8
5229.5	11
5230.5	4
5231.5	8
5232.5	12
5233.5	3
5234.5	8
5235.5	3
5236.5	3
5237.5	6
5238.5	10
5239.5	7
5240.5	8
5241.5	10
5242.5	11
5243.5	12
5244.5	10
5245.5	11
5246.5	7
5247.5	4
5248.5	4
5249.5	7
5250.5	8
5251.5	5
5252.5	6
5253.5	4
5254.5	6
5255.5	4
5256.5	7
5257.5	4
5258.5	6
5259.5	8
5260.5	8
5261.5	4
5262.5	10
5263.5	7
5264.5	6
5265.5	4
5266.5	10
5267.5	7
5268.5	13
5269.5	6
5270.5	8
5271.5	12
5272.5	8
5273.5	13
5274.5	6
5275.5	10
5276.5	11
5277.5	9
5278.5	7
5279.5	7
5280.5	8
5281.5	9
5282.5	7
5283.5	11
5284.5	8
5285.5	11
5286.5	10
5287.5	15
5288.5	7
5289.5	5
5290.5	7
5291.5	13
5292.5	10
5293.5	10
5294.5	6
5295.5	13
5296.5	7
5297.5	6
5298.5	9
5299.5	6
5300.5	12
5301.5	9
5302.5	9
5303.5	13
5304.5	7
5305.5	10
5306.5	7
5307.5	7
5308.5	5
5309.5	14
5310.5	15
5311.5	9
5312.5	12
5313.5	9
5314.5	14
5315.5	12
5316.5	17
5317.5	9
5318.5	13
5319.5	15
5320.5	17
5321.5	17
5322.5	14
5323.5	19
5324.5	19
5325.5	8
5326.5	8
5327.5	12
5328.5	17
5329.5	28
5330.5	15
5331.5	18
5332.5	16
5333.5	12
5334.5	17
5335.5	13
5336.5	15
5337.5	24
5338.5	18
5339.5	10
5340.5	17
5341.5	19
5342.5	14
5343.5	15
5344.5	11
5345.5	19
5346.5	13
5347.5	17
5348.5	11
5349.5	13
5350.5	14
5351.5	19
5352.5	9
5353.5	13
5354.5	18
5355.5	9
5356.5	10
5357.5	10
5358.5	8
5359.5	13
5360.5	6
5361.5	11
5362.5	13
5363.5	14
5364.5	10
5365.5	17
5366.5	12
5367.5	17
5368.5	6
5369.5	12
5370.5	12
5371.5	16
5372.5	13
5373.5	10
5374.5	14
5375.5	14
5376.5	8
5377.5	15
5378.5	12
5379.5	12
5380.5	8
5381.5	11
5382.5	11
5383.5	12
5384.5	9
5385.5	9
5386.5	9
5387.5	8
5388.5	12
5389.5	10
5390.5	9
5391.5	14
5392.5	15
5393.5	4
5394.5	10
5395.5	8
5396.5	9
5397.5	8
5398.5	12
5399.5	13
5400.5	13
5401.5	10
5402.5	15
5403.5	14
5404.5	9
5405.5	10
5406.5	14
5407.5	8
5408.5	14
5409.5	8
5410.5	13
5411.5	9
5412.5	8
5413.5	17
5414.5	14
5415.5	19
5416.5	12
5417.5	10
5418.5	12
5419.5	19
5420.5	16
5421.5	9
5422.5	17
5423.5	15
5424.5	18
5425.5	14
5426.5	19
5427.5	17
5428.5	16
5429.5	17
5430.5	16
5431.5	21
5432.5	15
5433.5	19
5434.5	15
5435.5	11
5436.5	16
5437.5	15
5438.5	13
5439.5	16
5440.5	16
5441.5	17
5442.5	17
5443.5	16
5444.5	18
5445.5	17
5446.5	18
5447.5	10
5448.5	18
5449.5	21
5450.5	24
5451.5	19
5452.5	17
5453.5	10
5454.5	22
5455.5	23
5456.5	23
5457.5	21
5458.5	16
5459.5	28
5460.5	18
5461.5	22
5462.5	24
5463.5	23
5464.5	24
5465.5	19
5466.5	21
5467.5	28
5468.5	18
5469.5	26
5470.5	27
5471.5	21
5472.5	25
5473.5	22
5474.5	25
5475.5	24
5476.5	22
5477.5	29
5478.5	33
5479.5	24
5480.5	27
5481.5	30
5482.5	27
5483.5	29
5484.5	25
5485.5	28
5486.5	46
5487.5	36
5488.5	37
5489.5	33
5490.5	28
5491.5	32
5492.5	22
5493.5	35
5494.5	36
5495.5	42
5496.5	31
5497.5	28
5498.5	32
5499.5	43
5500.5	34
5501.5	41
5502.5	40
5503.5	33
5504.5	40
5505.5	46
5506.5	51
5507.5	49
5508.5	53
5509.5	47
5510.5	49
5511.5	44
5512.5	49
5513.5	45
5514.5	46
5515.5	54
5516.5	59
5517.5	60
5518.5	66
5519.5	69
5520.5	60
5521.5	65
5522.5	70
5523.5	80
5524.5	90
5525.5	86
5526.5	88
5527.5	97
5528.5	113
5529.5	90
5530.5	110
5531.5	115
5532.5	117
5533.5	116
5534.5	131
5535.5	130
5536.5	134
5537.5	159
5538.5	172
5539.5	192
5540.5	187
5541.5	188
5542.5	210
5543.5	207
5544.5	233
5545.5	236
5546.5	255
5547.5	269
5548.5	329
5549.5	283
5550.5	338
5551.5	316
5552.5	321
5553.5	311
5554.5	322
5555.5	321
5556.5	328
5557.5	315
5558.5	321
5559.5	281
5560.5	318
5561.5	288
5562.5	289
5563.5	284
5564.5	243
5565.5	248
5566.5	216
5567.5	223
5568.5	185
5569.5	183
5570.5	158
5571.5	152
5572.5	142
5573.5	118
5574.5	128
5575.5	93
5576.5	99
5577.5	87
5578.5	78
5579.5	69
5580.5	61
5581.5	61
5582.5	59
5583.5	55
5584.5	56
5585.5	57
5586.5	39
5587.5	43
5588.5	45
5589.5	44
5590.5	37
5591.5	18
5592.5	32
5593.5	31
5594.5	31
5595.5	26
5596.5	28
5597.5	28
5598.5	18
5599.5	17
5600.5	12
5601.5	21
5602.5	12
5603.5	14
5604.5	13
5605.5	7
5606.5	8
5607.5	4
5608.5	12
5609.5	12
5610.5	5
5611.5	11
5612.5	9
5613.5	13
5614.5	8
5615.5	5
5616.5	10
5617.5	5
5618.5	9
5619.5	8
5620.5	9
5621.5	9
5622.5	6
5623.5	9
5624.5	12
5625.5	4
5626.5	7
5627.5	10
5628.5	7
5629.5	7
5630.5	10
5631.5	12
5632.5	8
5633.5	11
5634.5	9
5635.5	7
5636.5	6
5637.5	12
5638.5	11
5639.5	11
5640.5	6
5641.5	15
5642.5	13
5643.5	14
5644.5	12
5645.5	15
5646.5	13
5647.5	11
5648.5	12
5649.5	16
5650.5	4
5651.5	16
5652.5	10
5653.5	21
5654.5	15
5655.5	18
5656.5	19
5657.5	14
5658.5	10
5659.5	24
5660.5	20
5661.5	21
5662.5	12
5663.5	21
5664.5	25
5665.5	27
5666.5	25
5667.5	37
5668.5	23
5669.5	30
5670.5	18
5671.5	30
5672.5	22
5673.5	24
5674.5	25
5675.5	29
5676.5	25
5677.5	26
5678.5	31
5679.5	18
5680.5	24
5681.5	24
5682.5	29
5683.5	30
5684.5	21
5685.5	25
5686.5	21
5687.5	26
5688.5	24
5689.5	19
5690.5	16
5691.5	20
5692.5	23
5693.5	15
5694.5	20
5695.5	26
5696.5	13
5697.5	14
5698.5	14
5699.5	13
5700.5	9
5701.5	7
5702.5	8
5703.5	7
5704.5	13
5705.5	13
5706.5	7
5707.5	11
5708.5	9
5709.5	5
5710.5	5
5711.5	10
5712.5	10
5713.5	9
5714.5	5
5715.5	9
5716.5	9
5717.5	4
5718.5	6
5719.5	7
5720.5	8
5721.5	4
5722.5	8
5723.5	6
5724.5	11
5725.5	12
5726.5	4
5727.5	14
5728.5	6
5729.5	4
5730.5	9
5731.5	8
5732.5	11
5733.5	4
5734.5	9
5735.5	11
5736.5	12
5737.5	10
5738.5	9
5739.5	6
5740.5	13
5741.5	12
5742.5	14
5743.5	14
5744.5	12
5745.5	8
5746.5	11
5747.5	16
5748.5	11
5749.5	15
5750.5	18
5751.5	14
5752.5	13
5753.5	16
5754.5	16
5755.5	17
5756.5	18
5757.5	20
5758.5	16
5759.5	19
5760.5	25
5761.5	17
5762.5	20
5763.5	21
5764.5	25
5765.5	20
5766.5	24
5767.5	27
5768.5	21
5769.5	20
5770.5	30
5771.5	26
5772.5	30
5773.5	26
5774.5	32
5775.5	32
5776.5	50
5777.5	32
5778.5	36
5779.5	49
5780.5	44
5781.5	44
5782.5	54
5783.5	40
5784.5	52
5785.5	62
5786.5	54
5787.5	47
5788.5	71
5789.5	57
5790.5	55
5791.5	73
5792.5	81
5793.5	76
5794.5	86
5795.5	88
5796.5	93
5797.5	109
5798.5	99
5799.5	110
5800.5	128
5801.5	113
5802.5	140
5803.5	142
5804.5	147
5805.5	155
5806.5	181
5807.5	196
5808.5	191
5809.5	182
5810.5	192
5811.5	212
5812.5	216
5813.5	236
5814.5	206
5815.5	234
5816.5	215
5817.5	215
5818.5	209
5819.5	220
5820.5	227
5821.5	204
5822.5	246
5823.5	219
5824.5	212
5825.5	224
5826.5	223
5827.5	199
5828.5	177
5829.5	170
5830.5	181
5831.5	166
5832.5	170
5833.5	139
5834.5	131
5835.5	125
5836.5	115
5837.5	125
5838.5	117
5839.5	103
5840.5	88
5841.5	85
5842.5	75
5843.5	78
5844.5	73
5845.5	75
5846.5	78
5847.5	59
5848.5	49
5849.5	59
5850.5	55
5851.5	47
5852.5	53
5853.5	56
5854.5	42
5855.5	37
5856.5	50
5857.5	35
5858.5	36
5859.5	37
5860.5	33
5861.5	29
5862.5	32
5863.5	25
5864.5	33
5865.5	22
5866.5	22
5867.5	12
5868.5	17
5869.5	22
5870.5	20
5871.5	26
5872.5	19
5873.5	21
5874.5	13
5875.5	21
5876.5	16
5877.5	18
5878.5	20
5879.5	26
5880.5	16
5881.5	10
5882.5	20
5883.5	7
5884.5	7
5885.5	9
5886.5	7
5887.5	9
5888.5	13
5889.5	11
5890.5	7
5891.5	6
5892.5	6
5893.5	8
5894.5	6
5895.5	7
5896.5	3
5897.5	9
5898.5	12
5899.5	8
5900.5	6
5901.5	8
5902.5	5
5903.5	6
5904.5	6
5905.5	5
5906.5	3
5907.5	8
5908.5	4
5909.5	5
5910.5	5
5911.5	6
5912.5	10
5913.5	7
5914.5	8
5915.5	8
5916.5	6
5917.5	5
5918.5	6
5919.5	2
5920.5	4
5921.5	8
5922.5	2
5923.5	6
5924.5	4
5925.5	3
5926.5	2
5927.5	6
5928.5	2
5929.5	7
5930.5	3
5931.5	3
5932.5	4
5933.5	2
5934.5	3
5935.5	4
5936.5	3
5937.5	3
5938.5	2
5939.5	2
5940.5	1
5941.5	3
5942.5	5
5943.5	5
5944.5	1
5945.5	4
5946.5	5
5947.5	4
5948.5	2
5949.5	3
5950.5	4
5951.5	2
5952.5	7
5953.5	2
5954.5	1
5955.5	2
5956.5	1
5957.5	0
5958.5	2
5959.5	5
5960.5	3
5961.5	2
5962.5	1
5963.5	6
5964.5	3
5965.5	0
5966.5	1
5967.5	3
5968.5	0
5969.5	2
5970.5	2
5971.5	2
5972.5	2
5973.5	2
5974.5	1
5975.5	5
5976.5	3
5977.5	1
5978.5	6
5979.5	4
5980.5	3
5981.5	2
5982.5	3
5983.5	4
5984.5	2
5985.5	0
5986.5	3
5987.5	2
5988.5	0
5989.5	1
5990.5	3
5991.5	0
5992.5	1
5993.5	1
5994.5	0
5995.5	1
5996.5	2
5997.5	1
5998.5	3
5999.5	2
6000.5	1
6001.5	1
6002.5	3
6003.5	3
6004.5	5
6005.5	3
6006.5	2
6007.5	4
6008.5	0
6009.5	3
6010.5	0
6011.5	5
6012.5	3
6013.5	6
6014.5	2
6015.5	4
6016.5	3
6017.5	4
6018.5	1
6019.5	5
6020.5	1
6021.5	1
6022.5	1
6023.5	3
6024.5	10
6025.5	7
6026.5	5
6027.5	9
6028.5	15
6029.5	15
6030.5	13
6031.5	7
6032.5	19
6033.5	12
6034.5	16
6035.5	11
6036.5	21
6037.5	24
6038.5	20
6039.5	28
6040.5	25
6041.5	35
6042.5	27
6043.5	49
6044.5	61
6045.5	40
6046.5	35
6047.5	48
6048.5	49
6049.5	54
6050.5	64
6051.5	57
6052.5	66
6053.5	67
6054.5	65
6055.5	86
6056.5	84
6057.5	74
6058.5	81
6059.5	63
6060.5	69
6061.5	71
6062.5	66
6063.5	86
6064.5	59
6065.5	58
6066.5	39
6067.5	50
6068.5	45
6069.5	40
6070.5	30
6071.5	34
6072.5	36
6073.5	31
6074.5	36
6075.5	21
6076.5	31
6077.5	17
6078.5	22
6079.5	14
6080.5	23
6081.5	15
6082.5	26
6083.5	18
6084.5	19
6085.5	17
6086.5	6
6087.5	13
6088.5	16
6089.5	13
6090.5	14
6091.5	9
6092.5	16
6093.5	7
6094.5	9
6095.5	7
6096.5	10
6097.5	5
6098.5	13
6099.5	8
6100.5	4
6101.5	3
6102.5	6
6103.5	5
6104.5	2
6105.5	8
6106.5	6
6107.5	2
6108.5	8
6109.5	4
6110.5	5
6111.5	6
6112.5	8
6113.5	4
6114.5	3
6115.5	6
6116.5	5
6117.5	9
6118.5	0
6119.5	7
6120.5	4
6121.5	4
6122.5	3
6123.5	2
6124.5	4
6125.5	1
6126.5	2
6127.5	3
6128.5	6
6129.5	3
6130.5	6
6131.5	3
6132.5	2
6133.5	6
6134.5	6
6135.5	5
6136.5	4
6137.5	2
6138.5	4
6139.5	8
6140.5	4
6141.5	3
6142.5	3
6143.5	2
6144.5	5
6145.5	2
6146.5	3
6147.5	3
6148.5	3
6149.5	2
6150.5	2
6151.5	0
6152.5	2
6153.5	2
6154.5	3
6155.5	4
6156.5	5
6157.5	2
6158.5	2
6159.5	4
6160.5	4
6161.5	2
6162.5	4
6163.5	2
6164.5	3
6165.5	1
6166.5	1
6167.5	2
6168.5	1
6169.5	1
6170.5	2
6171.5	0
6172.5	2
6173.5	1
6174.5	2
6175.5	0
6176.5	1
6177.5	1
6178.5	2
6179.5	1
6180.5	0
6181.5	0
6182.5	0
6183.5	0
6184.5	0
6185.5	0
6186.5	1
6187.5	1
6188.5	1
6189.5	0
6190.5	2
6191.5	1
6192.5	0
6193.5	0
6194.5	1
6195.5	0
6196.5	2
6197.5	1
6198.5	0
6199.5	1
6200.5	1
6201.5	2
6202.5	1
6203.5	3
6204.5	1
6205.5	0
6206.5	2
6207.5	0
6208.5	1
6209.5	0
6210.5	2
6211.5	0
6212.5	2
6213.5	1
6214.5	0
6215.5	0
6216.5	2
6217.5	2
6218.5	0
6219.5	1
6220.5	0
6221.5	1
6222.5	2
6223.5	0
6224.5	0
6225.5	1
6226.5	0
6227.5	0
6228.5	0
6229.5	1
6230.5	0
6231.5	1
6232.5	1
6233.5	1
6234.5	1
6235.5	2
6236.5	0
6237.5	1
6238.5	3
6239.5	0
6240.5	1
6241.5	1
6242.5	0
6243.5	0
6244.5	1
6245.5	0
6246.5	0
6247.5	0
6248.5	1
6249.5	0
6250.5	1
6251.5	1
6252.5	0
6253.5	0
6254.5	0
6255.5	0
6256.5	1
6257.5	0
6258.5	1
6259.5	0
6260.5	0
6261.5	0
6262.5	0
6263.5	0
6264.5	1
6265.5	0
6266.5	0
6267.5	2
6268.5	0
6269.5	1
6270.5	1
6271.5	1
6272.5	0
6273.5	1
6274.5	1
6275.5	0
6276.5	0
6277.5	0
6278.5	0
6279.5	0
6280.5	1
6281.5	2
6282.5	0
6283.5	1
6284.5	1
6285.5	0
6286.5	0
6287.5	0
6288.5	1
6289.5	0
6290.5	1
6291.5	1
6292.5	0
6293.5	0
6294.5	0
6295.5	0
6296.5	1
6297.5	3
6298.5	1
6299.5	0
6300.5	1
6301.5	0
6302.5	1
6303.5	2
6304.5	4
6305.5	3
6306.5	0
6307.5	1
6308.5	2
6309.5	4
6310.5	1
6311.5	5
6312.5	3
6313.5	3
6314.5	3
6315.5	2
6316.5	9
6317.5	7
6318.5	3
6319.5	1
6320.5	2
6321.5	4
6322.5	10
6323.5	5
6324.5	5
6325.5	6
6326.5	8
6327.5	7
6328.5	4
6329.5	4
6330.5	6
6331.5	4
6332.5	6
6333.5	13
6334.5	3
6335.5	4
6336.5	8
6337.5	7
6338.5	7
6339.5	5
6340.5	1
6341.5	5
6342.5	8
6343.5	6
6344.5	6
6345.5	7
6346.5	9
6347.5	9
6348.5	6
6349.5	4
6350.5	6
6351.5	4
6352.5	4
6353.5	4
6354.5	8
6355.5	5
6356.5	5
6357.5	5
6358.5	4
6359.5	7
6360.5	6
6361.5	8
6362.5	10
6363.5	8
6364.5	4
6365.5	3
6366.5	4
6367.5	1
6368.5	2
6369.5	6
6370.5	2
6371.5	3
6372.5	7
6373.5	5
6374.5	5
6375.5	3
6376.5	6
6377.5	3
6378.5	3
6379.5	1
6380.5	3
6381.5	1
6382.5	4
6383.5	1
6384.5	3
6385.5	1
6386.5	1
6387.5	4
6388.5	1
6389.5	3
6390.5	2
6391.5	1
6392.5	0
6393.5	1
6394.5	1
6395.5	0
6396.5	2
6397.5	1
6398.5	3
6399.5	0
6400.5	1
6401.5	1
6402.5	1
6403.5	1
6404.5	0
6405.5	1
6406.5	2
6407.5	1
6408.5	2
6409.5	1
6410.5	0
6411.5	1
6412.5	0
6413.5	0
6414.5	1
6415.5	0
6416.5	2
6417.5	1
6418.5	0
6419.5	1
6420.5	0
6421.5	0
6422.5	2
6423.5	0
6424.5	1
6425.5	1
6426.5	0
6427.5	2
6428.5	1
6429.5	0
6430.5	1
6431.5	0
6432.5	2
6433.5	0
6434.5	0
6435.5	1
6436.5	0
6437.5	1
6438.5	0
6439.5	0
6440.5	0
6441.5	2
6442.5	0
6443.5	0
6444.5	0
6445.5	3
6446.5	3
6447.5	3
6448.5	0
6449.5	0
6450.5	1
6451.5	0
6452.5	0
6453.5	1
6454.5	0
6455.5	1
6456.5	0
6457.5	0
6458.5	1
6459.5	3
6460.5	1
6461.5	0
6462.5	1
6463.5	2
6464.5	1
6465.5	0
6466.5	0
6467.5	2
6468.5	0
6469.5	1
6470.5	0
6471.5	0
6472.5	1
6473.5	0
6474.5	0
6475.5	1
6476.5	0
6477.5	0
6478.5	1
6479.5	0
6480.5	2
6481.5	0
6482.5	0
6483.5	1
6484.5	0
6485.5	0
6486.5	1
6487.5	2
6488.5	0
6489.5	0
6490.5	1
6491.5	0
6492.5	0
6493.5	0
6494.5	1
6495.5	0
6496.5	0
6497.5	1
6498.5	0
6499.5	0
6500.5	0
6501.5	0
6502.5	0
6503.5	1
6504.5	0
6505.5	1
6506.5	0
6507.5	0
6508.5	0
6509.5	0
6510.5	0
6511.5	1
6512.5	0
6513.5	2
6514.5	1
6515.5	1
6516.5	1
6517.5	0
6518.5	0
6519.5	0
6520.5	0
6521.5	1
6522.5	0
6523.5	0
6524.5	0
6525.5	1
6526.5	1
6527.5	0
6528.5	1
6529.5	0
6530.5	1
6531.5	1
6532.5	1
6533.5	0
6534.5	0
6535.5	0
6536.5	0
6537.5	0
6538.5	1
6539.5	0
6540.5	0
6541.5	0
6542.5	0
6543.5	0
6544.5	0
6545.5	0
6546.5	0
6547.5	0
6548.5	2
6549.5	2
6550.5	0
6551.5	1
6552.5	1
6553.5	0
6554.5	0
6555.5	1
6556.5	1
6557.5	1
6558.5	0
6559.5	0
6560.5	1
6561.5	0
6562.5	0
6563.5	0
6564.5	1
6565.5	0
6566.5	0
6567.5	0
6568.5	0
6569.5	0
6570.5	0
6571.5	0
6572.5	1
6573.5	1
6574.5	1
6575.5	0
6576.5	1
6577.5	2
6578.5	0
6579.5	1
6580.5	1
6581.5	0
6582.5	2
6583.5	3
6584.5	0
6585.5	0
6586.5	0
6587.5	0
6588.5	0
6589.5	0
6590.5	0
6591.5	1
6592.5	1
6593.5	0
6594.5	1
6595.5	0
6596.5	1
6597.5	0
6598.5	0
6599.5	0
6600.5	0
6601.5	0
6602.5	0
6603.5	1
6604.5	1
6605.5	1
6606.5	0
6607.5	0
6608.5	0
6609.5	0
6610.5	3
6611.5	0
6612.5	0
6613.5	1
6614.5	1
6615.5	1
6616.5	0
6617.5	0
6618.5	1
6619.5	1
6620.5	0
6621.5	0
6622.5	0
6623.5	0
6624.5	2
6625.5	0
6626.5	1
6627.5	0
6628.5	0
6629.5	0
6630.5	1
6631.5	1
6632.5	0
6633.5	0
6634.5	0
6635.5	0
6636.5	0
6637.5	0
6638.5	2
6639.5	2
6640.5	1
6641.5	5
6642.5	0
6643.5	1
6644.5	1
6645.5	2
6646.5	1
6647.5	2
6648.5	1
6649.5	1
6650.5	1
6651.5	0
6652.5	2
6653.5	2
6654.5	1
6655.5	1
6656.5	1
6657.5	1
6658.5	0
6659.5	3
6660.5	1
6661.5	1
6662.5	1
6663.5	2
6664.5	2
6665.5	0
6666.5	2
6667.5	1
6668.5	0
6669.5	0
6670.5	3
6671.5	1
6672.5	1
6673.5	1
6674.5	1
6675.5	1
6676.5	0
6677.5	0
6678.5	0
6679.5	1
6680.5	1
6681.5	3
6682.5	1
6683.5	2
6684.5	0
6685.5	0
6686.5	0
6687.5	0
6688.5	0
6689.5	0
6690.5	0
6691.5	0
6692.5	0
6693.5	0
6694.5	0
6695.5	0
6696.5	0
6697.5	0
6698.5	0
6699.5	1
6700.5	2
6701.5	0
6702.5	0
6703.5	0
6704.5	0
6705.5	1
6706.5	0
6707.5	0
6708.5	1
6709.5	0
6710.5	0
6711.5	0
6712.5	0
6713.5	0
6714.5	0
6715.5	0
6716.5	0
6717.5	0
6718.5	0
6719.5	0
6720.5	1
6721.5	0
6722.5	0
6723.5	0
6724.5	1
6725.5	0
6726.5	0
6727.5	0
6728.5	0
6729.5	1
6730.5	0
6731.5	0
6732.5	0
6733.5	0
6734.5	0
6735.5	0
6736.5	0
6737.5	0
6738.5	0
6739.5	0
6740.5	0
6741.5	0
6742.5	0
6743.5	0
6744.5	0
6745.5	2
6746.5	0
6747.5	0
6748.5	0
6749.5	0
6750.5	0
6751.5	0
6752.5	0
6753.5	0
6754.5	0
6755.5	0
6756.5	0
6757.5	1
6758.5	0
6759.5	0
6760.5	0
6761.5	0
6762.5	0
6763.5	0
6764.5	1
6765.5	0
6766.5	0
6767.5	0
6768.5	1
6769.5	0
6770.5	0
6771.5	0
6772.5	0
6773.5	0
6774.5	1
6775.5	0
6776.5	0
6777.5	2
6778.5	1
6779.5	0
6780.5	0
6781.5	1
6782.5	1
6783.5	0
6784.5	0
6785.5	0
6786.5	0
6787.5	0
6788.5	0
6789.5	0
6790.5	1
6791.5	0
6792.5	1
6793.5	0
6794.5	0
6795.5	0
6796.5	0
6797.5	0
6798.5	0
6799.5	1
6800.5	0
6801.5	2
6802.5	1
6803.5	0
6804.5	0
6805.5	0
6806.5	0
6807.5	1
6808.5	0
6809.5	1
6810.5	1
6811.5	0
6812.5	0
6813.5	0
6814.5	1
6815.5	1
6816.5	0
6817.5	1
6818.5	0
6819.5	1
6820.5	1
6821.5	0
6822.5	1
6823.5	0
6824.5	2
6825.5	0
6826.5	2
6827.5	2
6828.5	1
6829.5	1
6830.5	0
6831.5	0
6832.5	0
6833.5	0
6834.5	2
6835.5	1
6836.5	0
6837.5	1
6838.5	2
6839.5	0
6840.5	1
6841.5	2
6842.5	1
6843.5	1
6844.5	4
6845.5	1
6846.5	2
6847.5	0
6848.5	2
6849.5	1
6850.5	3
6851.5	0
6852.5	1
6853.5	0
6854.5	1
6855.5	1
6856.5	1
6857.5	0
6858.5	0
6859.5	0
6860.5	0
6861.5	0
6862.5	0
6863.5	0
6864.5	0
6865.5	0
6866.5	1
6867.5	0
6868.5	0
6869.5	0
6870.5	0
6871.5	0
6872.5	0
6873.5	0
6874.5	0
6875.5	0
6876.5	0
6877.5	0
6878.5	0
6879.5	0
6880.5	0
6881.5	0
6882.5	0
6883.5	0
6884.5	0
6885.5	0
6886.5	0
6887.5	0
6888.5	0
6889.5	0
6890.5	0
6891.5	0
6892.5	0
6893.5	0
6894.5	0
6895.5	0
6896.5	0
6897.5	0
6898.5	0
6899.5	0
6900.5	0
6901.5	0
6902.5	0
6903.5	0
6904.5	0
6905.5	1
6906.5	0
6907.5	0
6908.5	0
6909.5	0
6910.5	0
6911.5	0
6912.5	0
6913.5	1
6914.5	0
6915.5	0
6916.5	0
6917.5	0
6918.5	1
6919.5	0
6920.5	0
6921.5	0
6922.5	0
6923.5	0
6924.5	1
6925.5	0
6926.5	0
6927.5	0
6928.5	0
6929.5	0
6930.5	0
6931.5	0
6932.5	0
6933.5	0
6934.5	0
6935.5	0
6936.5	0
6937.5	0
6938.5	0
6939.5	0
6940.5	0
6941.5	0
6942.5	0
6943.5	0
6944.5	0
6945.5	0
6946.5	0
6947.5	0
6948.5	0
6949.5	0
6950.5	0
6951.5	0
6952.5	0
6953.5	0
6954.5	0
6955.5	0
6956.5	0
6957.5	0
6958.5	0
6959.5	0
6960.5	0
6961.5	0
6962.5	0
6963.5	0
6964.5	1
6965.5	0
6966.5	0
6967.5	0
6968.5	0
6969.5	0
6970.5	0
6971.5	0
6972.5	0
6973.5	0
6974.5	0
6975.5	0
6976.5	0
6977.5	0
6978.5	0
6979.5	0
6980.5	0
6981.5	0
6982.5	0
6983.5	0
6984.5	0
6985.5	0
6986.5	0
6987.5	0
6988.5	0
6989.5	0
6990.5	0
6991.5	0
6992.5	0
6993.5	0
6994.5	1
6995.5	0
6996.5	0
6997.5	0
6998.5	0
6999.5	0
7000.5	0
7001.5	0
7002.5	0
7003.5	0
7004.5	0
7005.5	0
7006.5	0
7007.5	1
7008.5	1
7009.5	0
7010.5	0
7011.5	0
7012.5	0
7013.5	0
7014.5	0
7015.5	0
7016.5	0
7017.5	0
7018.5	0
7019.5	0
7020.5	0
7021.5	0
7022.5	0
7023.5	0
7024.5	0
7025.5	0
7026.5	0
7027.5	1
7028.5	0
7029.5	0
7030.5	0
7031.5	0
7032.5	0
7033.5	0
7034.5	0
7035.5	0
7036.5	0
7037.5	0
7038.5	0
7039.5	0
7040.5	0
7041.5	0
7042.5	0
7043.5	0
7044.5	0
7045.5	0
7046.5	0
7047.5	1
7048.5	0
7049.5	0
7050.5	0
7051.5	0
7052.5	0
7053.5	0
7054.5	0
7055.5	0
7056.5	0
7057.5	0
7058.5	0
7059.5	0
7060.5	0
7061.5	1
7062.5	0
7063.5	0
7064.5	1
7065.5	0
7066.5	0
7067.5	0
7068.5	0
7069.5	0
7070.5	0
7071.5	0
7072.5	0
7073.5	0
7074.5	1
7075.5	0
7076.5	0
7077.5	0
7078.5	0
7079.5	0
7080.5	1
7081.5	0
7082.5	0
7083.5	0
7084.5	0
7085.5	0
7086.5	1
7087.5	0
7088.5	1
7089.5	0
7090.5	1
7091.5	0
7092.5	0
7093.5	0
7094.5	0
7095.5	2
7096.5	2
7097.5	0
7098.5	0
7099.5	0
7100.5	0
7101.5	2
7102.5	0
7103.5	0
7104.5	1
7105.5	1
7106.5	0
7107.5	0
7108.5	0
7109.5	0
7110.5	0
7111.5	1
7112.5	1
7113.5	0
7114.5	0
7115.5	0
7116.5	0
7117.5	0
7118.5	0
7119.5	0
7120.5	0
7121.5	0
7122.5	0
7123.5	0
7124.5	0
7125.5	1
7126.5	0
7127.5	0
7128.5	0
7129.5	0
7130.5	1
7131.5	0
7132.5	0
7133.5	0
7134.5	0
7135.5	0
7136.5	0
7137.5	0
7138.5	0
7139.5	0
7140.5	0
7141.5	0
7142.5	0
7143.5	0
7144.5	0
7145.5	0
7146.5	0
7147.5	0
7148.5	1
7149.5	0
7150.5	0
7151.5	0
7152.5	0
7153.5	0
7154.5	0
7155.5	0
7156.5	0
7157.5	0
7158.5	0
7159.5	0
7160.5	0
7161.5	0
7162.5	0
7163.5	0
7164.5	0
7165.5	0
7166.5	0
7167.5	0
7168.5	0
7169.5	0
7170.5	0
7171.5	0
7172.5	0
7173.5	0
7174.5	0
7175.5	0
7176.5	0
7177.5	0
7178.5	0
7179.5	0
7180.5	0
7181.5	0
7182.5	0
7183.5	0
7184.5	0
7185.5	0
7186.5	0
7187.5	0
7188.5	0
7189.5	0
7190.5	0
7191.5	0
7192.5	0
7193.5	0
7194.5	0
7195.5	0
7196.5	0
7197.5	0
7198.5	0
7199.5	0
7200.5	0
7201.5	0
7202.5	0
7203.5	0
7204.5	0
7205.5	0
7206.5	0
7207.5	0
7208.5	0
7209.5	0
7210.5	0
7211.5	0
7212.5	0
7213.5	0
7214.5	0
7215.5	0
7216.5	0
7217.5	1
7218.5	0
7219.5	0
7220.5	0
7221.5	0
7222.5	1
7223.5	0
7224.5	0
7225.5	0
7226.5	0
7227.5	0
7228.5	0
7229.5	0
7230.5	0
7231.5	0
7232.5	0
7233.5	0
7234.5	0
7235.5	0
7236.5	0
7237.5	0
7238.5	0
7239.5	0
7240.5	0
7241.5	0
7242.5	0
7243.5	0
7244.5	0
7245.5	0
7246.5	0
7247.5	0
7248.5	0
7249.5	0
7250.5	1
7251.5	0
7252.5	0
7253.5	0
7254.5	0
7255.5	0
7256.5	0
7257.5	0
7258.5	1
7259.5	0
7260.5	0
7261.5	0
7262.5	0
7263.5	0
7264.5	0
7265.5	0
7266.5	0
7267.5	0
7268.5	0
7269.5	0
7270.5	0
7271.5	0
7272.5	0
7273.5	0
7274.5	0
7275.5	0
7276.5	0
7277.5	0
7278.5	0
7279.5	0
7280.5	0
7281.5	0
7282.5	0
7283.5	0
7284.5	0
7285.5	0
7286.5	0
7287.5	0
7288.5	0
7289.5	0
7290.5	0
7291.5	0
7292.5	0
7293.5	0
7294.5	0
7295.5	0
7296.5	0
7297.5	0
7298.5	0
7299.5	1
7300.5	0
7301.5	0
7302.5	0
7303.5	0
7304.5	0
7305.5	0
7306.5	0
7307.5	0
7308.5	0
7309.5	0
7310.5	0
7311.5	0
7312.5	0
7313.5	0
7314.5	0
7315.5	0
7316.5	0
7317.5	0
7318.5	0
7319.5	0
7320.5	0
7321.5	0
7322.5	0
7323.5	0
7324.5	0
7325.5	0
7326.5	0
7327.5	0
7328.5	0
7329.5	0
7330.5	0
7331.5	0
7332.5	1
7333.5	0
7334.5	0
7335.5	0
7336.5	0
7337.5	0
7338.5	0
7339.5	1
7340.5	0
7341.5	0
7342.5	0
7343.5	0
7344.5	0
7345.5	0
7346.5	0
7347.5	0
7348.5	0
7349.5	0
7350.5	0
7351.5	0
7352.5	0
7353.5	0
7354.5	0
7355.5	0
7356.5	0
7357.5	0
7358.5	0
7359.5	0
7360.5	0
7361.5	0
7362.5	0
7363.5	0
7364.5	0
7365.5	0
7366.5	0
7367.5	0
7368.5	0
7369.5	0
7370.5	0
7371.5	0
7372.5	0
7373.5	0
7374.5	1
7375.5	1
7376.5	1
7377.5	2
7378.5	2
7379.5	1
7380.5	0
7381.5	1
7382.5	1
7383.5	1
7384.5	1
7385.5	0
7386.5	1
7387.5	0
7388.5	0
7389.5	0
7390.5	2
7391.5	1
7392.5	0
7393.5	1
7394.5	0
7395.5	2
7396.5	2
7397.5	1
7398.5	0
7399.5	1
7400.5	1
7401.5	2
7402.5	1
7403.5	2
7404.5	1
7405.5	1
7406.5	5
7407.5	3
7408.5	1
7409.5	2
7410.5	3
7411.5	2
7412.5	1
7413.5	1
7414.5	1
7415.5	0
7416.5	1
7417.5	1
7418.5	1
7419.5	2
7420.5	1
7421.5	0
7422.5	0
7423.5	1
7424.5	0
7425.5	0
7426.5	0
7427.5	1
7428.5	0
7429.5	0
7430.5	0
7431.5	2
7432.5	0
7433.5	1
7434.5	0
7435.5	0
7436.5	0
7437.5	0
7438.5	0
7439.5	0
7440.5	0
7441.5	1
7442.5	0
7443.5	0
7444.5	0
7445.5	0
7446.5	0
7447.5	0
7448.5	0
7449.5	0
7450.5	0
7451.5	0
7452.5	0
7453.5	0
7454.5	0
7455.5	0
7456.5	0
7457.5	0
7458.5	0
7459.5	0
7460.5	0
7461.5	0
7462.5	0
7463.5	0
7464.5	0
7465.5	1
7466.5	0
7467.5	0
7468.5	0
7469.5	0
7470.5	0
7471.5	0
7472.5	0
7473.5	0
7474.5	0
7475.5	0
7476.5	0
7477.5	0
7478.5	0
7479.5	0
7480.5	0
7481.5	0
7482.5	0
7483.5	0
7484.5	0
7485.5	0
7486.5	0
7487.5	0
7488.5	0
7489.5	0
7490.5	0
7491.5	0
7492.5	0
7493.5	0
7494.5	0
7495.5	0
7496.5	0
7497.5	0
7498.5	0
7499.5	0
7500.5	0
7501.5	0
7502.5	0
7503.5	0
7504.5	0
7505.5	0
7506.5	0
7507.5	0
7508.5	0
7509.5	0
7510.5	0
7511.5	0
7512.5	0
7513.5	0
7514.5	0
7515.5	0
7516.5	0
7517.5	1
7518.5	0
7519.5	0
7520.5	0
7521.5	0
7522.5	0
7523.5	0
7524.5	0
7525.5	0
7526.5	0
7527.5	0
7528.5	0
7529.5	0
7530.5	0
7531.5	0
7532.5	0
7533.5	0
7534.5	0
7535.5	0
7536.5	0
7537.5	0
7538.5	0
7539.5	0
7540.5	0
7541.5	0
7542.5	0
7543.5	0
7544.5	0
7545.5	0
7546.5	0
7547.5	0
7548.5	0
7549.5	0
7550.5	0
7551.5	0
7552.5	0
7553.5	0
7554.5	0
7555.5	0
7556.5	0
7557.5	0
7558.5	0
7559.5	0
7560.5	0
7561.5	0
7562.5	0
7563.5	0
7564.5	0
7565.5	0
7566.5	0
7567.5	0
7568.5	0
7569.5	0
7570.5	0
7571.5	0
7572.5	0
7573.5	0
7574.5	0
7575.5	0
7576.5	0
7577.5	0
7578.5	0
7579.5	0
7580.5	0
7581.5	0
7582.5	0
7583.5	0
7584.5	0
7585.5	0
7586.5	0
7587.5	0
7588.5	0
7589.5	0
7590.5	1
7591.5	1
7592.5	0
7593.5	0
7594.5	0
7595.5	0
7596.5	0
7597.5	0
7598.5	0
7599.5	0
7600.5	0
7601.5	0
7602.5	0
7603.5	1
7604.5	0
7605.5	1
7606.5	0
7607.5	0
7608.5	0
7609.5	0
7610.5	0
7611.5	0
7612.5	0
7613.5	0
7614.5	0
7615.5	0
7616.5	0
7617.5	0
7618.5	0
7619.5	0
7620.5	0
7621.5	0
7622.5	0
7623.5	0
7624.5	0
7625.5	0
7626.5	0
7627.5	0
7628.5	0
7629.5	0
7630.5	0
7631.5	0
7632.5	0
7633.5	0
7634.5	0
7635.5	0
7636.5	0
7637.5	0
7638.5	0
7639.5	0
7640.5	0
7641.5	0
7642.5	0
7643.5	0
7644.5	0
7645.5	0
7646.5	0
7647.5	0
7648.5	0
7649.5	0
7650.5	0
7651.5	0
7652.5	0
7653.5	1
7654.5	0
7655.5	0
7656.5	0
7657.5	0
7658.5	0
7659.5	0
7660.5	0
7661.5	0
7662.5	0
7663.5	0
7664.5	0
7665.5	0
7666.5	0
7667.5	0
7668.5	0
7669.5	0
7670.5	0
7671.5	0
7672.5	0
7673.5	0
7674.5	0
7675.5	0
7676.5	0
7677.5	0
7678.5	0
7679.5	0
7680.5	0
7681.5	0
7682.5	0
7683.5	0
7684.5	0
7685.5	0
7686.5	0
7687.5	0
7688.5	0
7689.5	0
7690.5	0
7691.5	0
7692.5	0
7693.5	0
7694.5	0
7695.5	0
7696.5	0
7697.5	1
7698.5	0
7699.5	0
7700.5	1
7701.5	0
7702.5	0
7703.5	0
7704.5	0
7705.5	0
7706.5	0
7707.5	0
7708.5	0
7709.5	0
7710.5	0
7711.5	0
7712.5	0
7713.5	0
7714.5	0
7715.5	0
7716.5	0
7717.5	0
7718.5	0
7719.5	0
7720.5	0
7721.5	0
7722.5	0
7723.5	0
7724.5	0
7725.5	0
7726.5	0
7727.5	0
7728.5	0
7729.5	0
7730.5	0
7731.5	0
7732.5	0
7733.5	0
7734.5	0
7735.5	1
7736.5	0
7737.5	0
7738.5	0
7739.5	0
7740.5	0
7741.5	0
7742.5	0
7743.5	0
7744.5	0
7745.5	0
7746.5	0
7747.5	0
7748.5	0
7749.5	0
7750.5	0
7751.5	1
7752.5	0
7753.5	0
7754.5	0
7755.5	0
7756.5	0
7757.5	0
7758.5	0
7759.5	0
7760.5	0
7761.5	0
7762.5	0
7763.5	0
7764.5	0
7765.5	0
7766.5	0
7767.5	0
7768.5	0
7769.5	0
7770.5	0
7771.5	1
7772.5	0
7773.5	0
7774.5	0
7775.5	0
7776.5	0
7777.5	0
7778.5	0
7779.5	0
7780.5	0
7781.5	0
7782.5	0
7783.5	0
7784.5	0
7785.5	0
7786.5	0
7787.5	0
7788.5	0
7789.5	0
7790.5	0
7791.5	0
7792.5	0
7793.5	0
7794.5	0
7795.5	0
7796.5	0
7797.5	0
7798.5	0
7799.5	0
7800.5	0
7801.5	0
7802.5	0
7803.5	0
7804.5	0
7805.5	0
7806.5	0
7807.5	0
7808.5	0
7809.5	0
7810.5	0
7811.5	0
7812.5	0
7813.5	0
7814.5	0
7815.5	0
7816.5	0
7817.5	0
7818.5	0
7819.5	0
7820.5	0
7821.5	0
7822.5	1
7823.5	0
7824.5	1
7825.5	0
7826.5	0
7827.5	1
7828.5	0
7829.5	0
7830.5	0
7831.5	0
7832.5	0
7833.5	0
7834.5	0
7835.5	0
7836.5	0
7837.5	0
7838.5	0
7839.5	0
7840.5	0
7841.5	0
7842.5	0
7843.5	0
7844.5	0
7845.5	0
7846.5	0
7847.5	0
7848.5	0
7849.5	0
7850.5	0
7851.5	0
7852.5	0
7853.5	0
7854.5	1
7855.5	0
7856.5	1
7857.5	0
7858.5	0
7859.5	0
7860.5	0
7861.5	0
7862.5	1
7863.5	0
7864.5	0
7865.5	0
7866.5	0
7867.5	0
7868.5	0
7869.5	0
7870.5	0
7871.5	0
7872.5	1
7873.5	0
7874.5	0
7875.5	0
7876.5	0
7877.5	0
7878.5	1
7879.5	0
7880.5	0
7881.5	0
7882.5	0
7883.5	0
7884.5	0
7885.5	0
7886.5	0
7887.5	0
7888.5	0
7889.5	0
7890.5	1
7891.5	0
7892.5	0
7893.5	1
7894.5	0
7895.5	0
7896.5	0
7897.5	0
7898.5	0
7899.5	0
7900.5	0
7901.5	0
7902.5	0
7903.5	0
7904.5	0
7905.5	0
7906.5	0
7907.5	1
7908.5	0
7909.5	0
7910.5	0
7911.5	0
7912.5	0
7913.5	0
7914.5	0
7915.5	0
7916.5	0
7917.5	0
7918.5	0
7919.5	0
7920.5	0
7921.5	0
7922.5	0
7923.5	0
7924.5	0
7925.5	0
7926.5	0
7927.5	0
7928.5	0
7929.5	0
7930.5	0
7931.5	0
7932.5	0
7933.5	0
7934.5	0
7935.5	0
7936.5	0
7937.5	0
7938.5	0
7939.5	0
7940.5	0
7941.5	0
7942.5	0
7943.5	0
7944.5	0
7945.5	0
7946.5	0
7947.5	0
7948.5	0
7949.5	0
7950.5	0
7951.5	0
7952.5	0
7953.5	0
7954.5	0
7955.5	0
7956.5	0
7957.5	0
7958.5	0
7959.5	0
7960.5	0
7961.5	0
7962.5	0
7963.5	0
7964.5	0
7965.5	0
7966.5	0
7967.5	0
7968.5	0
7969.5	0
7970.5	0
7971.5	0
7972.5	0
7973.5	0
7974.5	0
7975.5	0
7976.5	0
7977.5	0
7978.5	0
7979.5	0
7980.5	0
7981.5	0
7982.5	0
7983.5	0
7984.5	0
7985.5	0
7986.5	0
7987.5	0
7988.5	0
7989.5	0
7990.5	0
7991.5	0
7992.5	0
7993.5	0
7994.5	0
7995.5	0
7996.5	0
7997.5	0
7998.5	0
7999.5	0
8000.5	0
8001.5	0
8002.5	0
8003.5	0
8004.5	0
8005.5	0
8006.5	0
8007.5	0
8008.5	0
8009.5	0
8010.5	0
8011.5	0
8012.5	0
8013.5	0
8014.5	0
8015.5	0
8016.5	0
8017.5	0
8018.5	0
8019.5	0
8020.5	0
8021.5	0
8022.5	0
8023.5	0
8024.5	0
8025.5	0
8026.5	0
8027.5	0
8028.5	0
8029.5	0
8030.5	0
8031.5	0
8032.5	0
8033.5	0
8034.5	0
8035.5	0
8036.5	0
8037.5	0
8038.5	0
8039.5	0
8040.5	0
8041.5	0
8042.5	0
8043.5	0
8044.5	1
8045.5	0
8046.5	0
8047.5	0
8048.5	0
8049.5	0
8050.5	0
8051.5	0
8052.5	0
8053.5	1
8054.5	0
8055.5	0
8056.5	0
8057.5	0
8058.5	0
8059.5	0
8060.5	0
8061.5	2
8062.5	0
8063.5	0
8064.5	0
8065.5	0
8066.5	0
8067.5	0
8068.5	0
8069.5	0
8070.5	0
8071.5	0
8072.5	0
8073.5	0
8074.5	0
8075.5	0
8076.5	0
8077.5	0
8078.5	0
8079.5	0
8080.5	0
8081.5	0
8082.5	0
8083.5	0
8084.5	0
8085.5	1
8086.5	0
8087.5	0
8088.5	0
8089.5	0
8090.5	0
8091.5	0
8092.5	0
8093.5	0
8094.5	0
8095.5	0
8096.5	0
8097.5	0
8098.5	0
8099.5	0
8100.5	0
8101.5	0
8102.5	0
8103.5	0
8104.5	0
8105.5	0
8106.5	0
8107.5	0
8108.5	0
8109.5	0
8110.5	1
8111.5	0
8112.5	0
8113.5	0
8114.5	0
8115.5	0
8116.5	1
8117.5	0
8118.5	0
8119.5	0
8120.5	0
8121.5	0
8122.5	0
8123.5	0
8124.5	0
8125.5	0
8126.5	0
8127.5	0
8128.5	0
8129.5	0
8130.5	0
8131.5	0
8132.5	0
8133.5	0
8134.5	0
8135.5	0
8136.5	0
8137.5	0
8138.5	0
8139.5	0
8140.5	0
8141.5	0
8142.5	0
8143.5	0
8144.5	1
8145.5	0
8146.5	0
8147.5	1
8148.5	0
8149.5	0
8150.5	0
8151.5	0
8152.5	0
8153.5	0
8154.5	0
8155.5	0
8156.5	0
8157.5	0
8158.5	0
8159.5	0
8160.5	0
8161.5	0
8162.5	0
8163.5	0
8164.5	0
8165.5	0
8166.5	0
8167.5	1
8168.5	0
8169.5	0
8170.5	0
8171.5	0
8172.5	0
8173.5	0
8174.5	0
8175.5	0
8176.5	0
8177.5	0
8178.5	0
8179.5	0
8180.5	0
8181.5	0
8182.5	0
8183.5	0
8184.5	0
8185.5	0
8186.5	0
8187.5	0
8188.5	0
8189.5	0
8190.5	0
8191.5	0
8192.5	0
8193.5	0
8194.5	0
8195.5	0
8196.5	0
8197.5	0
8198.5	0
8199.5	0
8200.5	0
8201.5	0
8202.5	0
8203.5	0
8204.5	0
8205.5	0
8206.5	0
8207.5	0
8208.5	0
8209.5	0
8210.5	0
8211.5	0
8212.5	0
8213.5	0
8214.5	0
8215.5	0
8216.5	0
8217.5	0
8218.5	0
8219.5	0
8220.5	0
8221.5	0
8222.5	0
8223.5	1
8224.5	0
8225.5	1
8226.5	0
8227.5	0
8228.5	0
8229.5	0
8230.5	0
8231.5	0
8232.5	1
8233.5	0
8234.5	0
8235.5	0
8236.5	0
8237.5	0
8238.5	0
8239.5	0
8240.5	0
8241.5	0
8242.5	0
8243.5	0
8244.5	0
8245.5	0
8246.5	0
8247.5	0
8248.5	0
8249.5	0
8250.5	0
8251.5	0
8252.5	0
8253.5	0
8254.5	1
8255.5	0
8256.5	0
8257.5	0
8258.5	0
8259.5	0
8260.5	0
8261.5	0
8262.5	0
8263.5	0
8264.5	0
8265.5	0
8266.5	0
8267.5	0
8268.5	0
8269.5	0
8270.5	0
8271.5	0
8272.5	0
8273.5	0
8274.5	0
8275.5	0
8276.5	0
8277.5	0
8278.5	0
8279.5	0
8280.5	0
8281.5	0
8282.5	0
8283.5	0
8284.5	0
8285.5	0
8286.5	0
8287.5	0
8288.5	0
8289.5	1
8290.5	0
8291.5	0
8292.5	0
8293.5	0
8294.5	0
8295.5	0
8296.5	0
8297.5	0
8298.5	0
8299.5	0
8300.5	0
8301.5	0
8302.5	0
8303.5	0
8304.5	0
8305.5	0
8306.5	0
8307.5	0
8308.5	0
8309.5	0
8310.5	0
8311.5	0
8312.5	0
8313.5	0
8314.5	0
8315.5	0
8316.5	0
8317.5	0
8318.5	0
8319.5	0
8320.5	0
8321.5	0
8322.5	0
8323.5	0
8324.5	0
8325.5	0
8326.5	0
8327.5	0
8328.5	0
8329.5	0
8330.5	0
8331.5	0
8332.5	0
8333.5	1
8334.5	0
8335.5	0
8336.5	0
8337.5	0
8338.5	0
8339.5	0
8340.5	0
8341.5	0
8342.5	0
8343.5	0
8344.5	1
8345.5	0
8346.5	1
8347.5	0
8348.5	0
8349.5	0
8350.5	0
8351.5	0
8352.5	0
8353.5	0
8354.5	0
8355.5	0
8356.5	0
8357.5	0
8358.5	0
8359.5	0
8360.5	0
8361.5	0
8362.5	1
8363.5	0
8364.5	0
8365.5	0
8366.5	0
8367.5	1
8368.5	0
8369.5	0
8370.5	0
8371.5	0
8372.5	1
8373.5	1
8374.5	1
8375.5	0
8376.5	0
8377.5	0
8378.5	1
8379.5	0
8380.5	0
8381.5	0
8382.5	0
8383.5	0
8384.5	0
8385.5	0
8386.5	0
8387.5	0
8388.5	1
8389.5	0
8390.5	0
8391.5	0
8392.5	0
8393.5	0
8394.5	0
8395.5	0
8396.5	0
8397.5	0
8398.5	0
8399.5	1
8400.5	0
8401.5	0
8402.5	0
8403.5	1
8404.5	0
8405.5	0
8406.5	0
8407.5	0
8408.5	0
8409.5	0
8410.5	0
8411.5	0
8412.5	0
8413.5	0
8414.5	0
8415.5	0
8416.5	1
8417.5	0
8418.5	0
8419.5	0
8420.5	0
8421.5	0
8422.5	0
8423.5	0
8424.5	0
8425.5	0
8426.5	0
8427.5	0
8428.5	0
8429.5	0
8430.5	0
8431.5	0
8432.5	0
8433.5	0
8434.5	0
8435.5	1
8436.5	0
8437.5	0
8438.5	0
8439.5	0
8440.5	0
8441.5	0
8442.5	0
8443.5	0
8444.5	0
8445.5	0
8446.5	0
8447.5	0
8448.5	0
8449.5	0
8450.5	0
8451.5	0
8452.5	0
8453.5	0
8454.5	0
8455.5	0
8456.5	0
8457.5	0
8458.5	0
8459.5	0
8460.5	0
8461.5	0
8462.5	0
8463.5	0
8464.5	0
8465.5	0
8466.5	0
8467.5	0
8468.5	0
8469.5	0
8470.5	0
8471.5	0
8472.5	0
8473.5	0
8474.5	0
8475.5	0
8476.5	0
8477.5	0
8478.5	0
8479.5	0
8480.5	0
8481.5	1
8482.5	0
8483.5	0
8484.5	0
8485.5	0
8486.5	0
8487.5	1
8488.5	0
8489.5	0
8490.5	1
8491.5	0
8492.5	0
8493.5	0
8494.5	0
8495.5	0
8496.5	0
8497.5	0
8498.5	0
8499.5	0
8500.5	0
8501.5	0
8502.5	0
8503.5	0
8504.5	0
8505.5	0
8506.5	0
8507.5	0
8508.5	0
8509.5	0
8510.5	0
8511.5	0
8512.5	0
8513.5	0
8514.5	0
8515.5	0
8516.5	0
8517.5	0
8518.5	0
8519.5	0
8520.5	0
8521.5	0
8522.5	0
8523.5	0
8524.5	0
8525.5	0
8526.5	0
8527.5	0
8528.5	0
8529.5	0
8530.5	0
8531.5	0
8532.5	0
8533.5	0
8534.5	0
8535.5	0
8536.5	0
8537.5	0
8538.5	0
8539.5	0
8540.5	0
8541.5	0
8542.5	0
8543.5	0
8544.5	0
8545.5	0
8546.5	0
8547.5	0
8548.5	0
8549.5	0
8550.5	0
8551.5	1
8552.5	0
8553.5	0
8554.5	0
8555.5	0
8556.5	0
8557.5	0
8558.5	0
8559.5	0
8560.5	0
8561.5	0
8562.5	0
8563.5	0
8564.5	0
8565.5	0
8566.5	0
8567.5	0
8568.5	0
8569.5	0
8570.5	0
8571.5	0
8572.5	0
8573.5	0
8574.5	0
8575.5	0
8576.5	0
8577.5	0
8578.5	0
8579.5	0
8580.5	0
8581.5	0
8582.5	0
8583.5	0
8584.5	0
8585.5	0
8586.5	0
8587.5	0
8588.5	0
8589.5	0
8590.5	0
8591.5	0
8592.5	0
8593.5	0
8594.5	0
8595.5	0
8596.5	0
8597.5	0
8598.5	0
8599.5	0
8600.5	0
8601.5	0
8602.5	0
8603.5	0
8604.5	0
8605.5	1
8606.5	0
8607.5	0
8608.5	0
8609.5	0
8610.5	0
8611.5	0
8612.5	0
8613.5	0
8614.5	0
8615.5	0
8616.5	0
8617.5	0
8618.5	0
8619.5	0
8620.5	0
8621.5	0
8622.5	0
8623.5	0
8624.5	0
8625.5	0
8626.5	0
8627.5	0
8628.5	0
8629.5	0
8630.5	0
8631.5	0
8632.5	0
8633.5	0
8634.5	0
8635.5	0
8636.5	0
8637.5	0
8638.5	0
8639.5	0
8640.5	0
8641.5	0
8642.5	0
8643.5	0
8644.5	0
8645.5	0
8646.5	0
8647.5	0
8648.5	0
8649.5	0
8650.5	0
8651.5	0
8652.5	0
8653.5	0
8654.5	0
8655.5	0
8656.5	0
8657.5	0
8658.5	0
8659.5	0
8660.5	0
8661.5	0
8662.5	0
8663.5	0
8664.5	0
8665.5	0
8666.5	0
8667.5	0
8668.5	0
8669.5	0
8670.5	0
8671.5	0
8672.5	0
8673.5	0
8674.5	0
8675.5	0
8676.5	0
8677.5	0
8678.5	0
8679.5	0
8680.5	0
8681.5	0
8682.5	0
8683.5	1
8684.5	0
8685.5	0
8686.5	0
8687.5	0
8688.5	0
8689.5	0
8690.5	0
8691.5	0
8692.5	0
8693.5	0
8694.5	0
8695.5	0
8696.5	0
8697.5	0
8698.5	0
8699.5	1
8700.5	0
8701.5	0
8702.5	0
8703.5	0
8704.5	0
8705.5	0
8706.5	0
8707.5	0
8708.5	0
8709.5	0
8710.5	0
8711.5	0
8712.5	0
8713.5	0
8714.5	0
8715.5	0
8716.5	1
8717.5	0
8718.5	0
8719.5	0
8720.5	0
8721.5	0
8722.5	0
8723.5	0
8724.5	0
8725.5	0
8726.5	0
8727.5	0
8728.5	0
8729.5	0
8730.5	0
8731.5	0
8732.5	0
8733.5	0
8734.5	0
8735.5	0
8736.5	0
8737.5	0
8738.5	0
8739.5	0
8740.5	0
8741.5	0
8742.5	0
8743.5	0
8744.5	0
8745.5	0
8746.5	1
8747.5	0
8748.5	0
8749.5	0
8750.5	0
8751.5	1
8752.5	0
8753.5	0
8754.5	0
8755.5	0
8756.5	0
8757.5	0
8758.5	0
8759.5	0
8760.5	0
8761.5	0
8762.5	0
8763.5	0
8764.5	0
8765.5	0
8766.5	2
8767.5	1
8768.5	0
8769.5	0
8770.5	1
8771.5	0
8772.5	0
8773.5	1
8774.5	0
8775.5	0
8776.5	0
8777.5	0
8778.5	0
8779.5	0
8780.5	0
8781.5	0
8782.5	0
8783.5	0
8784.5	0
8785.5	0
8786.5	0
8787.5	0
8788.5	0
8789.5	0
8790.5	0
8791.5	0
8792.5	0
8793.5	0
8794.5	0
8795.5	0
8796.5	0
8797.5	0
8798.5	0
8799.5	0
8800.5	0
8801.5	0
8802.5	0
8803.5	0
8804.5	0
8805.5	0
8806.5	0
8807.5	0
8808.5	0
8809.5	0
8810.5	0
8811.5	0
8812.5	0
8813.5	0
8814.5	0
8815.5	0
8816.5	0
8817.5	0
8818.5	0
8819.5	0
8820.5	0
8821.5	0
8822.5	0
8823.5	1
8824.5	0
8825.5	0
8826.5	0
8827.5	0
8828.5	0
8829.5	0
8830.5	0
8831.5	0
8832.5	0
8833.5	0
8834.5	0
8835.5	0
8836.5	0
8837.5	0
8838.5	0
8839.5	0
8840.5	0
8841.5	0
8842.5	0
8843.5	0
8844.5	0
8845.5	0
8846.5	0
8847.5	0
8848.5	0
8849.5	0
8850.5	0
8851.5	0
8852.5	0
8853.5	0
8854.5	0
8855.5	0
8856.5	0
8857.5	0
8858.5	0
8859.5	0
8860.5	0
8861.5	0
8862.5	0
8863.5	0
8864.5	0
8865.5	0
8866.5	0
8867.5	0
8868.5	0
8869.5	0
8870.5	0
8871.5	0
8872.5	0
8873.5	0
8874.5	0
8875.5	0
8876.5	0
8877.5	0
8878.5	0
8879.5	0
8880.5	0
8881.5	0
8882.5	0
8883.5	0
8884.5	0
8885.5	0
8886.5	0
8887.5	0
8888.5	0
8889.5	0
8890.5	0
8891.5	0
8892.5	0
8893.5	0
8894.5	0
8895.5	0
8896.5	0
8897.5	0
8898.5	0
8899.5	0
8900.5	0
8901.5	0
8902.5	0
8903.5	0
8904.5	0
8905.5	0
8906.5	0
8907.5	0
8908.5	0
8909.5	0
8910.5	0
8911.5	0
8912.5	0
8913.5	0
8914.5	0
8915.5	0
8916.5	0
8917.5	0
8918.5	0
8919.5	0
8920.5	0
8921.5	0
8922.5	0
8923.5	0
8924.5	0
8925.5	0
8926.5	0
8927.5	0
8928.5	0
8929.5	0
8930.5	0
8931.5	0
8932.5	0
8933.5	0
8934.5	0
8935.5	0
8936.5	0
8937.5	0
8938.5	0
8939.5	0
8940.5	0
8941.5	0
8942.5	0
8943.5	0
8944.5	0
8945.5	0
8946.5	0
8947.5	0
8948.5	0
8949.5	0
8950.5	0
8951.5	0
8952.5	0
8953.5	0
8954.5	0
8955.5	0
8956.5	0
8957.5	0
8958.5	0
8959.5	0
8960.5	0
8961.5	0
8962.5	1
8963.5	0
8964.5	0
8965.5	0
8966.5	0
8967.5	0
8968.5	0
8969.5	0
8970.5	0
8971.5	0
8972.5	0
8973.5	0
8974.5	0
8975.5	0
8976.5	0
8977.5	0
8978.5	0
8979.5	0
8980.5	0
8981.5	0
8982.5	0
8983.5	0
8984.5	0
8985.5	0
8986.5	0
8987.5	0
8988.5	0
8989.5	0
8990.5	0
8991.5	0
8992.5	0
8993.5	0
8994.5	0
8995.5	0
8996.5	0
8997.5	0
8998.5	0
8999.5	0
9000.5	0
9001.5	0
9002.5	0
9003.5	0
9004.5	0
9005.5	0
9006.5	0
9007.5	0
9008.5	0
9009.5	0
9010.5	0
9011.5	0
9012.5	0
9013.5	0
9014.5	0
9015.5	0
9016.5	0
9017.5	0
9018.5	0
9019.5	0
9020.5	0
9021.5	0
9022.5	0
9023.5	0
9024.5	0
9025.5	0
9026.5	0
9027.5	1
9028.5	0
9029.5	0
9030.5	0
9031.5	0
9032.5	0
9033.5	0
9034.5	0
9035.5	0
9036.5	0
9037.5	0
9038.5	0
9039.5	0
9040.5	0
9041.5	0
9042.5	0
9043.5	0
9044.5	0
9045.5	0
9046.5	0
9047.5	0
9048.5	0
9049.5	0
9050.5	0
9051.5	0
9052.5	0
9053.5	0
9054.5	0
9055.5	0
9056.5	0
9057.5	0
9058.5	0
9059.5	0
9060.5	0
9061.5	0
9062.5	0
9063.5	0
9064.5	0
9065.5	0
9066.5	0
9067.5	0
9068.5	0
9069.5	0
9070.5	0
9071.5	0
9072.5	0
9073.5	0
9074.5	0
9075.5	1
9076.5	0
9077.5	0
9078.5	0
9079.5	0
9080.5	0
9081.5	1
9082.5	0
9083.5	0
9084.5	0
9085.5	0
9086.5	0
9087.5	0
9088.5	0
9089.5	0
9090.5	0
9091.5	0
9092.5	0
9093.5	0
9094.5	0
9095.5	0
9096.5	0
9097.5	0
9098.5	0
9099.5	0
9100.5	0
9101.5	0
9102.5	0
9103.5	0
9104.5	0
9105.5	0
9106.5	0
9107.5	0
9108.5	0
9109.5	0
9110.5	0
9111.5	0
9112.5	0
9113.5	0
9114.5	0
9115.5	0
9116.5	0
9117.5	0
9118.5	0
9119.5	0
9120.5	0
9121.5	0
9122.5	0
9123.5	0
9124.5	0
9125.5	0
9126.5	0
9127.5	0
9128.5	0
9129.5	0
9130.5	0
9131.5	0
9132.5	0
9133.5	0
9134.5	0
9135.5	0
9136.5	0
9137.5	0
9138.5	0
9139.5	0
9140.5	0
9141.5	0
9142.5	0
9143.5	0
9144.5	0
9145.5	0
9146.5	0
9147.5	0
9148.5	0
9149.5	0
9150.5	0
9151.5	0
9152.5	0
9153.5	0
9154.5	0
9155.5	0
9156.5	0
9157.5	0
9158.5	0
9159.5	0
9160.5	0
9161.5	0
9162.5	0
9163.5	0
9164.5	0
9165.5	0
9166.5	0
9167.5	0
9168.5	0
9169.5	0
9170.5	0
9171.5	0
9172.5	0
9173.5	0
9174.5	0
9175.5	0
9176.5	0
9177.5	0
9178.5	0
9179.5	0
9180.5	0
9181.5	0
9182.5	0
9183.5	0
9184.5	0
9185.5	0
9186.5	0
9187.5	0
9188.5	0
9189.5	1
9190.5	0
9191.5	0
9192.5	0
9193.5	0
9194.5	0
9195.5	0
9196.5	0
9197.5	0
9198.5	0
9199.5	0
9200.5	0
9201.5	0
9202.5	1
9203.5	0
9204.5	0
9205.5	0
9206.5	0
9207.5	0
9208.5	0
9209.5	0
9210.5	0
9211.5	0
9212.5	0
9213.5	0
9214.5	0
9215.5	0
9216.5	0
9217.5	0
9218.5	0
9219.5	0
9220.5	0
9221.5	0
9222.5	0
9223.5	0
9224.5	0
9225.5	0
9226.5	0
9227.5	1
9228.5	0
9229.5	0
9230.5	0
9231.5	0
9232.5	0
9233.5	0
9234.5	0
9235.5	0
9236.5	0
9237.5	0
9238.5	0
9239.5	0
9240.5	0
9241.5	0
9242.5	0
9243.5	0
9244.5	0
9245.5	0
9246.5	0
9247.5	0
9248.5	0
9249.5	0
9250.5	0
9251.5	0
9252.5	0
9253.5	0
9254.5	0
9255.5	0
9256.5	0
9257.5	0
9258.5	0
9259.5	0
9260.5	0
9261.5	0
9262.5	0
9263.5	0
9264.5	0
9265.5	0
9266.5	0
9267.5	0
9268.5	0
9269.5	0
9270.5	0
9271.5	0
9272.5	0
9273.5	0
9274.5	0
9275.5	0
9276.5	0
9277.5	0
9278.5	0
9279.5	0
9280.5	0
9281.5	0
9282.5	0
9283.5	0
9284.5	0
9285.5	0
9286.5	0
9287.5	0
9288.5	0
9289.5	0
9290.5	0
9291.5	0
9292.5	0
9293.5	0
9294.5	0
9295.5	0
9296.5	0
9297.5	0
9298.5	0
9299.5	0
9300.5	0
9301.5	0
9302.5	0
9303.5	0
9304.5	0
9305.5	0
9306.5	0
9307.5	0
9308.5	0
9309.5	0
9310.5	0
9311.5	0
9312.5	0
9313.5	0
9314.5	0
9315.5	0
9316.5	1
9317.5	0
9318.5	0
9319.5	1
9320.5	0
9321.5	0
9322.5	0
9323.5	0
9324.5	0
9325.5	0
9326.5	0
9327.5	0
9328.5	0
9329.5	0
9330.5	0
9331.5	0
9332.5	0
9333.5	0
9334.5	0
9335.5	0
9336.5	0
9337.5	0
9338.5	0
9339.5	0
9340.5	0
9341.5	0
9342.5	0
9343.5	0
9344.5	0
9345.5	0
9346.5	0
9347.5	0
9348.5	0
9349.5	0
9350.5	0
9351.5	0
9352.5	0
9353.5	0
9354.5	0
9355.5	0
9356.5	0
9357.5	0
9358.5	0
9359.5	0
9360.5	0
9361.5	0
9362.5	0
9363.5	0
9364.5	0
9365.5	0
9366.5	0
9367.5	0
9368.5	0
9369.5	0
9370.5	0
9371.5	0
9372.5	0
9373.5	0
9374.5	0
9375.5	0
9376.5	0
9377.5	0
9378.5	0
9379.5	0
9380.5	0
9381.5	0
9382.5	0
9383.5	0
9384.5	0
9385.5	0
9386.5	0
9387.5	0
9388.5	0
9389.5	0
9390.5	0
9391.5	0
9392.5	0
9393.5	0
9394.5	0
9395.5	0
9396.5	0
9397.5	0
9398.5	0
9399.5	0
9400.5	0
9401.5	0
9402.5	0
9403.5	0
9404.5	0
9405.5	0
9406.5	0
9407.5	0
9408.5	0
9409.5	0
9410.5	0
9411.5	0
9412.5	0
9413.5	0
9414.5	0
9415.5	0
9416.5	0
9417.5	0
9418.5	0
9419.5	0
9420.5	0
9421.5	0
9422.5	0
9423.5	0
9424.5	0
9425.5	0
9426.5	0
9427.5	0
9428.5	0
9429.5	0
9430.5	0
9431.5	0
9432.5	0
9433.5	0
9434.5	0
9435.5	0
9436.5	0
9437.5	0
9438.5	0
9439.5	0
9440.5	0
9441.5	0
9442.5	0
9443.5	0
9444.5	0
9445.5	0
9446.5	0
9447.5	0
9448.5	1
9449.5	0
9450.5	0
9451.5	0
9452.5	0
9453.5	0
9454.5	1
9455.5	0
9456.5	0
9457.5	0
9458.5	0
9459.5	1
9460.5	0
9461.5	0
9462.5	0
9463.5	0
9464.5	0
9465.5	0
9466.5	0
9467.5	0
9468.5	0
9469.5	0
9470.5	1
9471.5	0
9472.5	0
9473.5	0
9474.5	0
9475.5	0
9476.5	0
9477.5	0
9478.5	0
9479.5	0
9480.5	0
9481.5	0
9482.5	0
9483.5	0
9484.5	0
9485.5	0
9486.5	0
9487.5	0
9488.5	0
9489.5	0
9490.5	0
9491.5	0
9492.5	0
9493.5	0
9494.5	0
9495.5	0
9496.5	0
9497.5	0
9498.5	0
9499.5	0
9500.5	0
9501.5	0
9502.5	0
9503.5	0
9504.5	0
9505.5	0
9506.5	0
9507.5	0
9508.5	0
9509.5	0
9510.5	0
9511.5	0
9512.5	0
9513.5	0
9514.5	0
9515.5	0
9516.5	0
9517.5	0
9518.5	0
9519.5	0
9520.5	0
9521.5	0
9522.5	0
9523.5	0
9524.5	0
9525.5	0
9526.5	0
9527.5	0
9528.5	0
9529.5	0
9530.5	0
9531.5	0
9532.5	0
9533.5	0
9534.5	0
9535.5	0
9536.5	0
9537.5	0
9538.5	0
9539.5	0
9540.5	0
9541.5	0
9542.5	0
9543.5	0
9544.5	0
9545.5	0
9546.5	1
9547.5	0
9548.5	0
9549.5	0
9550.5	0
9551.5	0
9552.5	0
9553.5	0
9554.5	0
9555.5	0
9556.5	0
9557.5	0
9558.5	0
9559.5	0
9560.5	0
9561.5	0
9562.5	0
9563.5	0
9564.5	0
9565.5	0
9566.5	0
9567.5	1
9568.5	0
9569.5	0
9570.5	0
9571.5	0
9572.5	0
9573.5	0
9574.5	0
9575.5	0
9576.5	0
9577.5	0
9578.5	0
9579.5	0
9580.5	0
9581.5	0
9582.5	0
9583.5	0
9584.5	0
9585.5	0
9586.5	0
9587.5	0
9588.5	0
9589.5	0
9590.5	1
9591.5	0
9592.5	0
9593.5	0
9594.5	0
9595.5	0
9596.5	0
9597.5	0
9598.5	0
9599.5	0
9600.5	0
9601.5	0
9602.5	0
9603.5	0
9604.5	0
9605.5	0
9606.5	0
9607.5	0
9608.5	0
9609.5	0
9610.5	0
9611.5	0
9612.5	0
9613.5	0
9614.5	0
9615.5	0
9616.5	0
9617.5	0
9618.5	0
9619.5	0
9620.5	0
9621.5	0
9622.5	0
9623.5	0
9624.5	0
9625.5	0
9626.5	0
9627.5	0
9628.5	0
9629.5	0
9630.5	0
9631.5	0
9632.5	0
9633.5	0
9634.5	0
9635.5	0
9636.5	0
9637.5	0
9638.5	0
9639.5	0
9640.5	0
9641.5	0
9642.5	0
9643.5	0
9644.5	0
9645.5	0
9646.5	0
9647.5	0
9648.5	0
9649.5	0
9650.5	0
9651.5	0
9652.5	1
9653.5	0
9654.5	0
9655.5	0
9656.5	0
9657.5	0
9658.5	0
9659.5	0
9660.5	0
9661.5	0
9662.5	0
9663.5	0
9664.5	1
9665.5	0
9666.5	0
9667.5	0
9668.5	0
9669.5	0
9670.5	1
9671.5	0
9672.5	0
9673.5	0
9674.5	0
9675.5	0
9676.5	0
9677.5	0
9678.5	0
9679.5	0
9680.5	0
9681.5	0
9682.5	0
9683.5	0
9684.5	0
9685.5	0
9686.5	0
9687.5	0
9688.5	0
9689.5	0
9690.5	0
9691.5	0
9692.5	0
9693.5	0
9694.5	0
9695.5	0
9696.5	0
9697.5	0
9698.5	0
9699.5	0
9700.5	0
9701.5	0
9702.5	0
9703.5	0
9704.5	0
9705.5	0
9706.5	0
9707.5	0
9708.5	0
9709.5	0
9710.5	0
9711.5	0
9712.5	0
9713.5	0
9714.5	0
9715.5	0
9716.5	0
9717.5	0
9718.5	0
9719.5	0
9720.5	0
9721.5	0
9722.5	0
9723.5	0
9724.5	0
9725.5	0
9726.5	0
9727.5	0
9728.5	0
9729.5	0
9730.5	0
9731.5	0
9732.5	0
9733.5	0
9734.5	0
9735.5	0
9736.5	0
9737.5	0
9738.5	0
9739.5	0
9740.5	0
9741.5	0
9742.5	0
9743.5	0
9744.5	0
9745.5	0
9746.5	0
9747.5	0
9748.5	0
9749.5	0
9750.5	0
9751.5	0
9752.5	0
9753.5	0
9754.5	0
9755.5	0
9756.5	0
9757.5	0
9758.5	0
9759.5	0
9760.5	0
9761.5	0
9762.5	0
9763.5	0
9764.5	0
9765.5	0
9766.5	0
9767.5	0
9768.5	0
9769.5	0
9770.5	0
9771.5	1
9772.5	0
9773.5	0
9774.5	0
9775.5	0
9776.5	0
9777.5	0
9778.5	0
9779.5	1
9780.5	0
9781.5	0
9782.5	0
9783.5	0
9784.5	0
9785.5	0
9786.5	0
9787.5	0
9788.5	0
9789.5	0
9790.5	0
9791.5	0
9792.5	0
9793.5	0
9794.5	0
9795.5	0
9796.5	0
9797.5	0
9798.5	0
9799.5	0
9800.5	0
9801.5	0
9802.5	0
9803.5	0
9804.5	0
9805.5	0
9806.5	0
9807.5	0
9808.5	0
9809.5	0
9810.5	0
9811.5	0
9812.5	0
9813.5	0
9814.5	0
9815.5	0
9816.5	0
9817.5	0
9818.5	0
9819.5	0
9820.5	0
9821.5	0
9822.5	0
9823.5	0
9824.5	0
9825.5	0
9826.5	0
9827.5	0
9828.5	0
9829.5	0
9830.5	0
9831.5	0
9832.5	0
9833.5	0
9834.5	0
9835.5	0
9836.5	0
9837.5	0
9838.5	0
9839.5	0
9840.5	0
9841.5	0
9842.5	0
9843.5	0
9844.5	0
9845.5	0
9846.5	0
9847.5	0
9848.5	0
9849.5	0
9850.5	1
9851.5	0
9852.5	0
9853.5	0
9854.5	0
9855.5	0
9856.5	0
9857.5	0
9858.5	0
9859.5	0
9860.5	0
9861.5	0
9862.5	0
9863.5	0
9864.5	0
9865.5	0
9866.5	0
9867.5	0
9868.5	0
9869.5	0
9870.5	0
9871.5	0
9872.5	0
9873.5	0
9874.5	0
9875.5	0
9876.5	0
9877.5	0
9878.5	0
9879.5	0
9880.5	0
9881.5	0
9882.5	0
9883.5	0
9884.5	0
9885.5	0
9886.5	0
9887.5	0
9888.5	0
9889.5	1
9890.5	0
9891.5	0
9892.5	0
9893.5	0
9894.5	0
9895.5	0
9896.5	0
9897.5	0
9898.5	0
9899.5	0
9900.5	0
9901.5	0
9902.5	0
9903.5	0
9904.5	0
9905.5	0
9906.5	0
9907.5	0
9908.5	0
9909.5	0
9910.5	0
9911.5	0
9912.5	0
9913.5	0
9914.5	0
9915.5	0
9916.5	0
9917.5	0
9918.5	0
9919.5	0
9920.5	0
9921.5	0
9922.5	0
9923.5	0
9924.5	0
9925.5	0
9926.5	0
9927.5	0
9928.5	0
9929.5	0
9930.5	0
9931.5	0
9932.5	0
9933.5	0
9934.5	0
9935.5	0
9936.5	0
9937.5	0
9938.5	0
9939.5	0
9940.5	0
9941.5	0
9942.5	0
9943.5	0
9944.5	0
9945.5	0
9946.5	0
9947.5	0
9948.5	0
9949.5	0
9950.5	0
9951.5	0
9952.5	0
9953.5	0
9954.5	0
9955.5	0
9956.5	0
9957.5	0
9958.5	0
9959.5	0
9960.5	0
9961.5	0
9962.5	0
9963.5	0
9964.5	0
9965.5	1
9966.5	0
9967.5	0
9968.5	0
9969.5	0
9970.5	0
9971.5	0
9972.5	0
9973.5	0
9974.5	1
9975.5	0
9976.5	0
9977.5	0
9978.5	0
9979.5	0
9980.5	0
9981.5	0
9982.5	0
9983.5	0
9984.5	0
9985.5	0
9986.5	0
9987.5	0
9988.5	0
9989.5	0
9990.5	0
9991.5	0
9992.5	0
9993.5	0
9994.5	0
9995.5	0
9996.5	0
9997.5	0
9998.5	0
9999.5	0
