#32Ar
1   550     650         
2   880     940     
3   1150    1250        
4   1600    1800
5   2096    2126    
6   2000    2200    
7   2200    2700
8   2400    2437    
9   2489    2525    
10  2200    2700
11  2700    2850
12  3050    3150
13  3050    3150
14  3280    3420
15  3500    3675
16  3500    3675
17  3500    3675
18  3675    3800
19  3675    3800    
20  3800    4100
21  4250    4400
22  4250    4400
23  4450    4560
24  4560    4650
25  4800    4900
26  4900    5000
27  5400    5700
28  5400    5700
29  5700    5900
30  6000    6100
31  6300    6400

#32Ar_thick
1   550     650         
2   800     1000     
3   1150    1250        
4   1600    1800
5   2096    2126    
6   2000    2200    
7   2200    2700
8   2400    2437    
9   2489    2525    
10  2200    2700
11  2700    2850
12  3050    3150
13  3050    3150
14  3320    3390
15  3500    3675
16  3500    3675
17  3500    3675
18  3675    3800
19  3675    3800    
20  3800    4100
21  4250    4400
22  4250    4400
23  4450    4560
24  4560    4650
25  4800    4900
26  4900    5000
27  5400    5700
28  5400    5700
29  5700    5900
30  6000    6100
31  6300    6400

#18N
1   850     1150
2   1300    1450

#33Ar
1   720     800
2   1250    1380
3   1600    1670
4   1600    1670
5   1680    1710
6   1720    1810
7   1720    1810
8   1950    2050
9   2000    2140
10  2300    2400
11  2300    2400
12  2440    2500
13  2650    2800
14  2650    2800
15  2750    2825
16  2825    2875
17  2875    2975
18  2875    2975
19  2950    3025
20  3000    3100
21  3100    3230
22  3250    3400
23  3400    3500
24  3400    3500
25  3500    3600
26  3750    3900
27  3875    3950
28  4100    4300
29  4250    4400
30  4400    4550
31  4400    4550
32  4650    4750
33  4750    4900
34  4900    4950
35  4950    5080
36  5080    5150
37  5150    5250
38  5250    5350
39  5550    5675
40  5675    5800
41  5800    5900
42  5950    6050
43  6000    6200

#33Ar_thick
1   720     800
2   1250    1380
3   1550    1725
4   1550    1725
5   1550    1725
6   1700    1850
7   1700    1850
8   1950    2050
9   2000    2200
10  2300    2400
11  2300    2400
12  2400    2500
13  2650    2800
14  2650    2800
15  2750    2825
16  2825    2875
17  2875    2975
18  2875    2975
19  2950    3025
20  3000    3100
21  3100    3230
22  3250    3400
23  3400    3500
24  3400    3500
25  3500    3600
26  3750    3900
27  3875    3950
28  4100    4300
29  4250    4400
30  4400    4550
31  4400    4550
32  4650    4750
33  4750    4900
34  4900    4950
35  4950    5080
36  5080    5150
37  5150    5250
38  5250    5350
39  5550    5675
40  5675    5800
41  5800    5900
42  5950    6050
43  6000    6200

#32Cl
1   741     781
2   961     1111
3   1031    1071
4   1303    1343
5   1361    1401
6   1504    1544
7   1654    1694
8   1847    1887
9   1981    2021
10  2181    2221
11  2298    2438
12  2635    2675
13  2904    2944
14  3051    3091
15  3113    3153 
16  3333    3383 
17  3581    3621 