#32Ar
1   550     650         
2   800     1000     
3   1150    1250        
4   1600    1800
5   2096    2126    
6   2000    2200    
7   2200    2700
8   2400    2437    
9   2489    2525    
10  2200    2700
11  2700    2850
12  3050    3150
13  3050    3150
14  3280    3400
15  3500    3675
16  3500    3675
17  3500    3675
18  3675    3800
19  3675    3800    
20  3800    4100
21  4250    4400
22  4250    4400
23  4450    4560
24  4560    4650
25  4800    4900
26  4900    5000
27  5400    5700
28  5400    5700
29  5700    5900
30  6000    6100
31  6300    6400

#32Ar_thick
1   550     650         
2   800     1000     
3   1150    1250        
4   1600    1800
5   2096    2126    
6   2000    2200    
7   2200    2700
8   2400    2437    
9   2489    2525    
10  2200    2700
11  2700    2850
12  3050    3150
13  3050    3150
14  3280    3400
15  3500    3675
16  3500    3675
17  3500    3675
18  3675    3800
19  3675    3800    
20  3800    4100
21  4250    4400
22  4250    4400
23  4450    4560
24  4560    4650
25  4800    4900
26  4900    5000
27  5400    5700
28  5400    5700
29  5700    5900
30  6000    6100
31  6300    6400

#18N
1   850     1150
2   1300    1450

#33Ar
1   720     800
2   1250    1380
3   1550    1725
4   1550    1725
5   1550    1725
6   1700    1850
7   1700    1850
8   1950    2050
9   2000    2200
10  2300    2400
11  2300    2400
12  2400    2500
13  2650    2800
14  2650    2800
15  2750    2825
16  2825    2875
17  2875    2975
18  2875    2975
19  2950    3025
20  3000    3100
21  3050    3250
22  3250    3400
23  3400    3500
24  3400    3500
25  3500    3600
26  3750    3900
27  3875    3950
28  4100    4300
29  4250    4400
30  4400    4550
31  4400    4550
32  4650    4750
33  4750    4900
34  4900    4950
35  4950    5050
36  5050    5150
37  5150    5250
38  5250    5350
39  5550    5675
40  5675    5800
41  5800    5900
42  5950    6050
43  6000    6200