#32Ar
1   500     580
2   800     900
3   1050    1300
4   1620    1670
5   2075    2105
6   2000    2200    
7   2200    2700
8   2375    2420    
9   2470    2525    
10  2200    2700
11  2700    2850
12  3050    3150
13  3050    3150
14  3280    3380
15  3500    3675
16  3500    3675
17  3500    3675
18  3675    3800
19  3675    3800    
20  3800    4100
21  4250    4400
22  4250    4400
23  4450    4560
24  4560    4650
25  4800    4900
26  4900    5000
27  5400    5700
28  5400    5700
29  5700    5900
30  6000    6100
31  6300    6400

#32Ar_thick
1   0     0         
2   500     700     
3   800     1200        
4   1400    1600
5   1960    2010    
6   1900    2050    
7   2200    2450
8   2260    2330    
9   2375    2425    
10  2200    2700
11  2600    2775
12  2900    3100
13  2900    3100
14  3150    3350
15  3400    3575
16  3400    3575
17  3400    3575
18  3575    3800
19  3575    3800    
20  3800    4100
21  4200    4375
22  4200    4375
23  4375    4500
24  4500    4600
25  4700    4860
26  4860    5000
27  5350    5650
28  5350    5650
29  5650    5850
30  5900    6200
31  6200    6300

#18N
1   760     920
2   1100    1300

#33Ar
1   675     775
2   1250    1350
3   1550    1700
4   1550    1700
5   1550    1700
6   1700    1800
7   1700    1800
8   1950    2020
9   2000    2200
10  2300    2400
11  2300    2400
12  2400    2500
13  2650    2800
14  2650    2800
15  2750    2825
16  2825    2875
17  2875    2975
18  2875    2975
19  2950    3025
20  3000    3100
21  3100    3250
22  3250    3400
23  3400    3500
24  3400    3500
25  3500    3600
26  3750    3900
27  3875    3950
28  4100    4300
29  4250    4400
30  4400    4550
31  4400    4550
32  4650    4750
33  4750    4900
34  4900    4950
35  4950    5050
36  5050    5150
37  5150    5250
38  5250    5350
39  5550    5675
40  5675    5800
41  5800    5900
42  5950    6050
43  6000    6200
