#32Ar
1    450    600
2    800    900    
3    1000   1300       
4    1600   1700
5    2085   2100  
6    2000   2200  
7    2200   2600       
8    2380   2410     
9    2470   2510   
10   2200   2600   
11   2650   2850
12   3000   3200
13   3000   3200
14   3250   3400   
15   3500   3800
16   3500   3800
17   3500   3800
18   3500   3800
19   3500   3800
20   3850   4100
21   4200   4400
22   4200   4400
23   4400   4550    
24   4550   4700
25   4800   4900
26   4900   5080
27   5300   5700
28   5600   5800
29   5700   5900
30   6000   6100
31   6300   6400

#32Ar_thick
1   0     0         
2   500     700     
3   800     1150        
4   1400    1550
5   1940    2000    
6   1900    2050    
7   2200    2450
8   2250    2310    
9   2360    2400    
10  2200    2700
11  2600    2750
12  2900    3100
13  2900    3100
14  3150    3350
15  3400    3575
16  3400    3575
17  3400    3575
18  3575    3800
19  3575    3800    
20  3800    4100
21  4100    4350
22  4100    4350
23  4350    4500
24  4500    4600
25  4700    4860
26  4860    5000
27  5350    5675
28  5350    5675
29  5650    5850
30  5900    6200
31  6200    6400

#18N
1   740    900
2   1050   1250   

#33Ar
1   650     800
2   1220    1350
3   1550    1700
4   1550    1700
5   1550    1700
6   1700    1800
7   1700    1800
8   1950    2020
9   2000    2200
10  2300    2400
11  2300    2400
12  2400    2500
13  2650    2800
14  2650    2800
15  2750    2825
16  2825    2875
17  2875    2975
18  2875    2975
19  2950    3025
20  3000    3100
21  3080    3230
22  3250    3400
23  3400    3500
24  3400    3500
25  3500    3600
26  3750    3900
27  3875    3950
28  4100    4300
29  4250    4400
30  4400    4550
31  4400    4550
32  4650    4750
33  4750    4900
34  4900    4950
35  4950    5080
36  5080    5150
37  5150    5250
38  5250    5350
39  5550    5675
40  5675    5800
41  5800    5900
42  5950    6050
43  6000    6200
