#32Ar
1   450     570           
2   840     900  
3   1100    1300
4   1550    1700
5   2070    2090
6   2000    2200    
7   2200    2700
8   2370    2400    
9   2460    2490    
10  2200    2700
11  2700    2850
12  3050    3150
13  3050    3150
14  3280    3380
15  3500    3675
16  3500    3675
17  3500    3675
18  3675    3800
19  3675    3800    
20  3800    4100
21  4250    4400
22  4250    4400
23  4450    4560
24  4560    4650
25  4800    4900
26  4900    5000
27  5400    5700
28  5400    5700
29  5700    5900
30  6000    6100
31  6300    6400

#32Ar_thick
1   0     0         
2   500     700     
3   800     1150        
4   1200    1550
5   1850    1930    
6   1750    1975    
7   2000    2400
8   2170    2230    
9   2270    2350    
10  2100    2400
11  2500    2700
12  2800    3050
13  2800    3050
14  3050    3300
15  3350    3525
16  3350    3525
17  3350    3525
18  3550    3750
19  3550    3750
20  3750    4100
21  4100    4300
22  4100    4300
23  4300    4450
24  4450    4600
25  4650    4800
26  4800    4950
27  5300    5650
28  5300    5650
29  5650    5850
30  5850    6200
31  6200    6400

#18N
1   650    800
2   950    1200    

#33Ar
1   600     750
2   1200    1350
3   1500    1650
4   1500    1650
5   1500    1650
6   1650    1800
7   1650    1800
8   1950    2020
9   2000    2200
10  2250    2375
11  2250    2375
12  2375    2550
13  2600    2800
14  2600    2800
15  2750    2825
16  2825    2875
17  2875    2975
18  2875    2975
19  2950    3025
20  3000    3100
21  3070    3220
22  3250    3400
23  3400    3500
24  3400    3500
25  3500    3600
26  3750    3900
27  3875    3950
28  4100    4300
29  4250    4400
30  4400    4550
31  4400    4550
32  4650    4750
33  4750    4900
34  4900    4950
35  4950    5080
36  5080    5150
37  5150    5250
38  5250    5350
39  5550    5675
40  5675    5800
41  5800    5900
42  5950    6050
43  6000    6200

#32Cl
1   741     781
2   961     1111
3   1031    1071
4   1303    1343
5   1361    1401
6   1504    1544
7   1654    1694
8   1847    1887
9   1981    2021
10  2181    2221
11  2298    2438
12  2635    2675
13  2904    2944
14  3051    3091
15  3113    3153 
16  3333    3383 
17  3581    3621 