1	0.0	0.0	0.0	0.0	0.0	0.0	0.0	0.0
2	-0.3850275514754562	-0.5033174985294522	-0.2189622827045612	-0.4629640547698022	-0.20874288154942922	-0.43337152934605894	-0.36203389887640924	-0.4764152026896855
3	-0.14998132490742022	-0.4548933660178722	-0.0018000081580062943	-0.425300840594129	-0.004354858446789178	-0.3957083151703855	-0.13465222317472225	-0.4145399222582222
4	0.0569615484840027	-0.41184969267424565	0.18725891321193577	-0.4172301518421988	0.1744846617680207	-0.3957083151703855	0.05185184790643671	-0.38763762641845556
5	0.2358010686988128	-0.42799107017810556	0.3405499305389157	-0.44413244768196547	0.3303305293837837	-0.425300840594129	0.2306913681212468	-0.4010887743383389
6	0.3890920860257927	-0.4629640547698022	0.4657375946892828	-0.4952468097775222	0.46829244497806566	-0.4817956618576389	0.3890920860257927	-0.4414422180979889
7	0.0	0.0	0.0	0.0	0.0	0.0	0.0	0.0
8	-0.4202082217711919	-0.49475597773708757	-0.36458874916519224	-0.4414422180979889	-0.3364853959885792	-0.3795669376665256	-0.40035665320815417	-0.39032785600243236
9	-0.3390402462773622	-0.4602738251858256	-0.18574922895038226	-0.40646923350629227	-0.1550910254849862	-0.3257623459869923	-0.2751689890577872	-0.3580451009947123
10	-0.12698767230837316	-0.38763762641845556	0.0007548421307768116	-0.36880601933061885	-0.004354858446789178	-0.31231119806710894	-0.10143916942054321	-0.31500142765108574
11	0.0569615484840027	-0.3634255601626657	0.1744846617680207	-0.37687670808254903	0.1642652606128887	-0.31231119806710894	0.054406698195219816	-0.31231119806710894
12	0.2281365178324637	-0.3795669376665256	0.3277756790950006	-0.40915946309026885	0.30733687678473665	-0.3634255601626657	0.20514286523341663	-0.3230721164030157
13	0.3890920860257927	-0.43068129976208214	0.4427439420902357	-0.44951290684991885	0.42230513977997175	-0.4010887743383389	0.35587903227161366	-0.36880601933061885
14	0.46829244497806566	-0.4817956618576389	0.4606278941117168	-0.4226106110101522	0.4427439420902357	-0.4172301518421988	0.4580730438229337	-0.46834451393775556
15	-0.3748081503203242	-0.3257623459869923	-0.30327234223440025	-0.3203818868190389	-0.2726141387690042	-0.19394109637213575	-0.3364853959885792	-0.19125086678815917
16	-0.25217533645874024	-0.31231119806710894	-0.14231677404107113	-0.2827186726433657	-0.13465222317472225	-0.18856063720418237	-0.22407198328212719	-0.19125086678815917
17	-0.09632946884297722	-0.2800284430593891	0.0033096924195596955	-0.2854089022273423	-0.0018000081580062943	-0.19663132595611255	-0.08866491797662834	-0.19663132595611255
18	0.05185184790643671	-0.27195775430745894	0.16171041032410582	-0.2854089022273423	0.14638130859140763	-0.2047020147080425	0.049296997617653826	-0.19125086678815917
19	0.20514286523341663	-0.29347959097927245	0.30222717620717066	-0.3284525755709691	0.2766786733193407	-0.21815316262792583	0.19236861378950176	-0.2047020147080425
20	0.35076933169404767	-0.33383303473892223	0.41208573862483977	-0.35535487141073574	0.3839823854482267	-0.2423652288837157	0.3303305293837837	-0.23429454013178574
21	0.42230513977997175	-0.35535487141073574	0.4427439420902357	-0.37418647849857223	0.4376342415126697	-0.263887065555529	0.41208573862483977	-0.2611968359715524
22	-0.3339305456997962	-0.12937558635669588	-0.2623947376138722	-0.13206581594067246	-0.2853883902129192	0.010516352010090602	-0.3390402462773622	0.013206581594067401
23	-0.22407198328212719	-0.13475604552464926	-0.13209737288593915	-0.14282673427657921	-0.14998132490742022	-0.02176640299762922	-0.23940108501482527	-0.013695714245699264
24	-0.09121976826541123	-0.14282673427657921	0.008419392997125685	-0.1455169638605558	-0.004354858446789178	-0.04597846925341931	-0.1091037202868923	-0.032527321333535975
25	0.039077596462521846	-0.1482071934445326	0.14893615888019074	-0.15358765261248575	0.14382645830262475	-0.05942961717330264	0.044187297040087836	-0.051358928421372685
26	0.20258801494463374	-0.15896811178043913	0.2817883738969067	-0.16703880053236908	0.2715689727417747	-0.05673938758932584	0.18725891321193577	-0.05404915800534926
27	0.3226659785174346	-0.17241925970032246	0.3865372357370096	-0.1804899484522524	0.3788726848706607	-0.051358928421372685	0.32011112822865173	-0.05673938758932584
28	0.4069760380472738	-0.19394109637213575	0.4376342415126697	-0.2047020147080425	0.4299696906463206	-0.04597846925341931	0.4069760380472738	-0.05404915800534926
29	-0.35692419829884325	0.08853300994541402	-0.29816264165683426	0.06701117327360051	-0.35436934801006026	0.2257347187282237	-0.40546635378572016	0.24456632581606041
30	-0.25217533645874024	0.04817956618576402	-0.1576458757737692	0.03472841826588069	-0.19596863010551424	0.15847897912880726	-0.29816264165683426	0.19614219330448046
31	-0.1091037202868923	0.026657729513950734	-0.0196	0.0149	-0.027348511045836243	0.12081576495313384	-0.13209737288593915	0.13426691287301717
32	0.03652274617373874	0.01589681117804398	0.14127160801384164	-0.0002445663258159314	0.13616190743627565	0.09929392828132055	0.028858195307389645	0.10198415786529735
33	0.19492346407828465	0.005135892842137446	0.2766786733193407	0.005135892842137446	0.304065789326823	0.13579332574566494	0.19492346407828465	0.10467438744927393
34	0.3226659785174346	0.018587040762020557	0.3916469363145756	0.021277270345997357	0.43252454093510373	0.18000081580062055	0.3431047808276988	0.1477180607929005
35	0.41464058891362265	0.026657729513950734	0.4401890918014526	0.023967499929973934	0.48617639699954673	0.21228357080834037	0.4555181935341508	0.20152265247243384
36	-0.4361245572511162	0.327963442919337	-0.3952469526305882	0.3037513766635471	-0.47189246129407825	0.45978469253419374	-0.4999958144706912	0.4678553812861235
37	-0.3313756954110132	0.2714686216558271	-0.2112977318382122	0.2095933412243638	-0.24962048616995725	0.3118220654154771	-0.4284600063847672	0.43019216711045005
38	-0.14231677404107113	0.19076173413652708	-0.032115586969620524	0.16309135825611798	-0.0477873133561002	0.24725655540003721	-0.17808467808403328	0.27684908082378046
39	0.021731646463143184	0.15159744983066403	0.14980074219512168	0.15016071127748232	0.15416673409507547	0.2449854557874772	0.008633670763281753	0.2363650244683868
40	0.20364797562788534	0.16309135825611798	0.3244404181932741	0.20188329919202497	0.3564576921262688	0.31251216778701907	0.2152906206944289	0.26222631842565813
41	0.37683232099271996	0.22199763893656932	0.4626968283584782	0.27084674974474854	0.5296420374911033	0.43894516046701226	0.4219475706255759	0.34986737016974423
42	0.4887312472883296	0.2903002287436638	0.5105770387227591	0.2856095514910777	0.5639637244867512	0.44168265733671075	0.5485613357242365	0.45474928455201136
43	0.0	0.0	0.0	0.0	0.0	0.0	0.0	0.0
44	-0.4284600063847672	0.43019216711045005	-0.2802786896353532	0.3521755091751271	-0.2853883902129192	0.3898387233508005	-0.4488988086950312	0.4624749221181703
45	-0.19341377981673125	0.31720252458343046	-0.0477873133561002	0.27953931040775704	-0.06056156480001529	0.3225829837513836	-0.20874288154942922	0.35486573875910365
46	0.008633670763281753	0.2694100111915668	0.164354048528301	0.27946718106383894	0.16726470979493696	0.32831629187201816	0.007178340129963767	0.31251216778701907
47	0.24003124146083382	0.2995815208083834	0.3710109984594481	0.35705106293565303	0.3870196354259455	0.3972797424247416	0.23566524956087992	0.3455571545101991
48	0.4502268722069418	0.398462412640997	0.5485613357242365	0.45474928455201136	0.5485613357242365	0.47630036284973754	0.443777530125345	0.4173940821692861
49	0.0	0.0	0.0	0.0	0.0	0.0	0.0	0.0
