0 0 0 
1 0 0 
2 -0.19 -0.27
3 -0.095 -0.26
4 0.024 -0.26
5 0.135 -0.25
6 0 0
7 0 0 
8 0 0 
9 -0.3 -0.23
10 -0.19 -0.21
11 -0.10 -0.21
12 0.02 -0.21
13 0.14 -0.21
14 0.25 -0.23
15 0 0 
16 -0.32 -0.1
17 -0.28 -0.1
18 -0.19 -0.11
19 -0.08 -0.13
20 0.03 -0.125
21 0.14 -0.13
22 0.253 -0.13
23 0.28 -0.13
24 -0.317 0.
25 -0.28 0.
26 -0.19 -0.01
27 -0.09 -0.03
28 0.02	-0.03
29 0.14 -0.03
30 0.24 -0.03
31 0.29 -0.03
32 -0.3 0.09
33 -0.27 0.09
34 -0.19 0.09
35 -0.09 0.08
36 0.03 0.06
37 0.15 0.06
38 0.246 0.052
39 0.293 0.06
40 -0.28 0.19
41 -0.26 0.19
42 -0.19 0.19
43 -0.09 0.18
44 0.03 0.18
45 0.15 0.20
46 0.25 0.18 
47 0.28 0.18
48 0 0 
49 -0.26 0.26 
50 -0.20 0.26
51 -0.09 0.28
52 0.03 0.28 
53 0.14 0.28
54 0.25 0.28
55 0 0
56 0 0
57 0 0 
58 -0.19 0.28 
59 -0.08 0.31
60 0.03 0.3
61 0.15 0.31
62 0 0
63 0 0
