0 0 0
1 0 0
2 -0.190094 -0.3
3 -0.0861653 -0.29
4 0.0332718 -0.29
5 0.1309 -0.271745
6 0 0
7 0 0
8 0 0
9 -0.329999 -0.205344
10 -0.19553 -0.212809
11 -0.0871245 -0.237651
12 0.0305119 -0.237112
13 0.157082 -0.221403
14 0.279999 -0.26
15 0 0
16 -0.35 -0.129539
17 -0.297133 -0.114746
18 -0.186402 -0.139911
19 -0.0794492 -0.124891
20 0.0290845 -0.126955
21 0.142206 -0.126487
22 0.224083 -0.158356
23 0.309999 -0.100496
24 -0.28817 -0.00504576
25 -0.292474 -0.029993
26 -0.189671 -0.0314657
27 -0.0778477 -0.0343128
28 0.0354469 -0.0453946
29 0.152683 -0.0503877
30 0.219979 -0.0253262
31 0.29949 -0.0494285
32 -0.328208 0.104234
33 -0.298705 0.102283
34 -0.185 0.0798981
35 -0.0868794 0.05064
36 0.0343947 0.0658363
37 0.153677 0.0592574
38 0.23697 0.057292
39 0.323 0.0638634
40 -0.305614 0.175126
41 -0.29 0.17137
42 -0.193904 0.218985
43 -0.0930678 0.180955
44 0.0403905 0.18168
45 0.175351 0.22623
46 0.238147 0.157947
47 0.309763 0.184147
48 0 0
49 -0.289963 0.273331
50 -0.196776 0.29
51 -0.103373 0.28313
52 0.0508299 0.292223
53 0.122048 0.280664
54 0.28 0.307253
55 0 0
56 0 0
57 0 0
58 -0.186418 0.282275
59 -0.0888646 0.31971
60 0.06 0.302325
61 0.15 0.31971
62 0 0
63 0 0
