0 0 0 0 0 0 0 0 0
1 -0.189951 -0.31404 -0.103056 -0.322486 -0.10705 -0.289443 -0.204811 -0.297356
2 -0.075148 -0.317114 -0.0199266 -0.318974 0.00106214 -0.279317 -0.0831322 -0.291989
3 0.0329688 -0.30394 0.0931272 -0.287133 0.103463 -0.258728 0.0303221 -0.276327
4 0.133811 -0.297361 0.198834 -0.274807 0.176047 -0.262178 0.128378 -0.247339
5 0.227641 -0.282674 0.246101 -0.28725 0.257132 -0.244481 0.213402 -0.266478
6 0 0 0 0 0 0 0 0
7 -0.24674 -0.259245 -0.213124 -0.305327 -0.193098 -0.236384 -0.248368 -0.225774
8 -0.185786 -0.310956 -0.100573 -0.267086 -0.0982817 -0.226607 -0.172485 -0.232537
9 -0.071684 -0.294368 -0.0057304 -0.286426 0.00692061 -0.219927 -0.0761196 -0.223964
10 0.03249 -0.269822 0.10763 -0.261395 0.0978311 -0.218105 0.0276441 -0.220146
11 0.125492 -0.258821 0.189078 -0.237758 0.183031 -0.222214 0.121574 -0.219829
12 0.207053 -0.263289 0.247783 -0.273898 0.242774 -0.226208 0.218784 -0.22225
13 0.254884 -0.274579 0.255247 -0.269699 0.266566 -0.231317 0.247113 -0.226887
14 -0.246185 -0.185097 -0.192432 -0.215433 -0.189928 -0.133462 -0.244241 -0.121304
15 -0.168144 -0.208773 -0.0957169 -0.207559 -0.099558 -0.136414 -0.166708 -0.132027
16 -0.0711054 -0.202282 -0.000819827 -0.204792 0.00211976 -0.139526 -0.0733524 -0.13716
17 0.0288529 -0.200225 0.104347 -0.20049 0.0997695 -0.138169 0.0282302 -0.138798
18 0.126297 -0.20037 0.18921 -0.208967 0.188727 -0.140078 0.12686 -0.135594
19 0.2104 -0.204905 0.26498 -0.211675 0.278086 -0.141033 0.216599 -0.140619
20 0.253049 -0.210543 0.282184 -0.218836 0.295145 -0.150869 0.257165 -0.139445
21 -0.244276 -0.0941761 -0.192492 -0.100013 -0.201537 -0.0137663 -0.250637 -0.007121
22 -0.166257 -0.102965 -0.102172 -0.105808 -0.1106 -0.0248043 -0.17625 -0.0190394
23 -0.0735136 -0.108801 -0.0021635 -0.10706 -0.00712487 -0.0294754 -0.0813357 -0.0270731
24 0.0294015 -0.107145 0.100617 -0.107575 0.0999577 -0.0331183 0.0272786 -0.0303641
25 0.130026 -0.109096 0.193424 -0.10711 0.197109 -0.0330884 0.131752 -0.0359062
26 0.219561 -0.108309 0.269154 -0.115752 0.281073 -0.0315503 0.228294 -0.031227
27 0.278206 -0.113795 0.307354 -0.120976 0.315475 -0.0305674 0.292222 -0.0266086
28 -0.256454 0.0248133 -0.208462 0.0201289 -0.224751 0.112845 -0.267551 0.122714
29 -0.181735 0.0171643 -0.112908 0.0103982 -0.124521 0.0992742 -0.198701 0.106556
30 -0.0811466 0.0100956 -0.0077488 0.00633269 -0.0122603 0.0839043 -0.0896041 0.0904874
31 0.0270991 0.00481221 0.0994675 0.00293167 0.0990525 0.0789541 0.0210636 0.0793068
32 0.135433 -7.04063e-05 0.201799 0.00333879 0.211345 0.0839284 0.135246 0.0777527
33 0.233501 0.00307003 0.287784 0.00494074 0.298379 0.0934264 0.242837 0.0880635
34 0.298303 0.00652486 0.319148 0.00316736 0.323356 0.104172 0.308196 0.0982561
35 -0.269103 0.16672 -0.237371 0.155047 -0.237104 0.232313 -0.268089 0.232611
36 -0.206586 0.14557 -0.126187 0.128598 -0.140342 0.200407 -0.227574 0.220281
37 -0.0922633 0.124054 -0.0138392 0.114229 -0.0216899 0.175447 -0.103259 0.186645
38 0.0209709 0.109633 0.101754 0.108452 0.103331 0.173207 0.0180911 0.172311
39 0.141038 0.110304 0.218594 0.119632 0.225101 0.187827 0.142426 0.17663
40 0.249688 0.123626 0.301591 0.127218 0.301987 0.210558 0.25577 0.193082
41 0.310757 0.140484 0.331899 0.131508 0.314851 0.212402 0.295134 0.222021
42 0 0 0 0 0 0 0 0
43 -0.232322 0.22777 -0.139799 0.220941 -0.150646 0.245343 -0.232449 0.245769
44 -0.103201 0.205958 -0.0158725 0.205636 -0.0226211 0.234738 -0.112538 0.239363
45 0.0187355 0.19454 0.106647 0.195072 0.110791 0.232688 0.018567 0.23121
46 0.147825 0.199973 0.229103 0.208758 0.220164 0.242187 0.144259 0.234348
47 0.255481 0.219195 0.305586 0.199544 0.303127 0.235517 0.252755 0.237527
48 0 0 0 0 0 0 0 0
