0 0 0 0 0 0 0 0 0
1 -0.191248 -0.311403 -0.111054 -0.318896 -0.111786 -0.28979 -0.206054 -0.299315
2 -0.0839808 -0.316484 0.00324998 -0.30451 -0.00452243 -0.277006 -0.0825847 -0.29077
3 0.0335966 -0.301066 0.105742 -0.291175 0.101094 -0.269091 0.0258413 -0.274751
4 0.139101 -0.292563 0.194883 -0.279154 0.176449 -0.24477 0.123552 -0.28357
5 0.219595 -0.277772 0.246401 -0.281185 0.2635 -0.24443 0.200343 -0.2424
6 0 0 0 0 0 0 0 0
7 -0.243791 -0.271717 -0.221268 -0.298023 -0.205618 -0.239219 -0.251658 -0.230364
8 -0.19217 -0.291987 -0.108557 -0.277695 -0.109032 -0.230212 -0.173278 -0.232323
9 -0.0778848 -0.275246 -0.00258681 -0.264895 -0.00632049 -0.221245 -0.0786463 -0.221889
10 0.0277615 -0.264242 0.098658 -0.262415 0.0972754 -0.217377 0.0223974 -0.219908
11 0.126699 -0.2773 0.18912 -0.2754 0.182083 -0.220823 0.118448 -0.218755
12 0.210052 -0.272138 0.247731 -0.2739 0.238059 -0.221885 0.204575 -0.221954
13 0.235446 -0.265487 0.262214 -0.269645 0.265524 -0.226348 0.230101 -0.231637
14 -0.253047 -0.206285 -0.204912 -0.200475 -0.206266 -0.133825 -0.255019 -0.117894
15 -0.17424 -0.202368 -0.107466 -0.199615 -0.113402 -0.135291 -0.174943 -0.133394
16 -0.0780672 -0.198684 -0.00756171 -0.198313 -0.0122394 -0.137803 -0.0773665 -0.137512
17 0.0279314 -0.195102 0.0921124 -0.198162 0.0929931 -0.133678 0.0221919 -0.138786
18 0.120966 -0.196265 0.181958 -0.205405 0.18916 -0.136295 0.126718 -0.132508
19 0.208508 -0.198863 0.267 -0.210653 0.282698 -0.139589 0.216273 -0.137279
20 0.254958 -0.217209 0.274028 -0.217644 0.292736 -0.151976 0.28616 -0.140848
21 -0.254227 -0.0850022 -0.206045 -0.0908993 -0.216933 -0.00838426 -0.261801 -0.00525543
22 -0.175764 -0.093789 -0.116237 -0.102224 -0.122037 -0.0220952 -0.183803 -0.016175
23 -0.0793298 -0.102362 -0.0146654 -0.0994721 -0.0163314 -0.0257076 -0.0882639 -0.0227169
24 0.0250975 -0.100282 0.095552 -0.100859 0.0941771 -0.0287413 0.0232173 -0.0263219
25 0.125196 -0.103997 0.191541 -0.101468 0.191368 -0.0298575 0.12949 -0.0285381
26 0.219495 -0.105636 0.265761 -0.104359 0.278418 -0.0266561 0.228436 -0.0284333
27 0.27876 -0.109383 0.300057 -0.115586 0.315859 -0.0253048 0.292041 -0.02206
28 -0.266919 0.0361383 -0.222878 0.0284766 -0.23942 0.122808 -0.272014 0.13044
29 -0.191602 0.0270453 -0.128615 0.0197238 -0.134202 0.103044 -0.205797 0.111672
30 -0.0913898 0.0148855 -0.0184385 0.019675 -0.0241885 0.0892291 -0.0941201 0.097989
31 0.0198757 0.0195046 0.0918286 0.0133056 0.0919369 0.0857489 0.0185773 0.0879401
32 0.132752 0.0114415 0.197416 0.0109527 0.208386 0.0927622 0.131695 0.0807657
33 0.233411 0.0169665 0.283727 0.012965 0.296218 0.100744 0.240179 0.0919586
34 0.296859 0.0138146 0.313406 0.0109809 0.323237 0.108293 0.305709 0.108652
35 -0.273555 0.160176 -0.241172 0.164312 -0.244985 0.239446 -0.269419 0.228965
36 -0.212428 0.156335 -0.137787 0.140659 -0.152973 0.207918 -0.230207 0.219729
37 -0.103829 0.138906 -0.0254161 0.125459 -0.0298837 0.186045 -0.108998 0.194352
38 0.0130774 0.124476 0.0945493 0.120547 0.0973573 0.184742 0.00965494 0.182002
39 0.1338 0.125018 0.213407 0.129143 0.218979 0.196857 0.144008 0.18849
40 0.248339 0.133259 0.29571 0.135024 0.303843 0.213434 0.25441 0.205806
41 0.319622 0.123273 0.328999 0.13774 0.31336 0.217135 0.28282 0.217504
42 0 0 0 0 0 0 0 0
43 -0.247302 0.231874 -0.159741 0.227749 -0.158605 0.248596 -0.243127 0.24877
44 -0.116561 0.220249 -0.0292493 0.209082 -0.0313485 0.246104 -0.123065 0.250718
45 0.0121746 0.206598 0.0990416 0.212783 0.10458 0.243433 0.00878726 0.244527
46 0.142375 0.212076 0.225436 0.219531 0.220607 0.249018 0.140166 0.248865
47 0.252062 0.220773 0.31246 0.21188 0.297358 0.241128 0.247697 0.242684
48 0 0 0 0 0 0 0 0
