0 0 0 0 0 0 0 0 0
1 -0.190146 -0.311851 -0.104612 -0.320521 -0.107596 -0.298225 -0.194125 -0.300702
2 -0.079 -0.3137 -0.0001 -0.3043 -0.004 -0.28 -0.08 -0.295
3 0.031 -0.2971 0.1015 -0.292 0.102 -0.2714 0.0289 -0.27681
4 0.1285 -0.2864 0.1876 -0.2796 0.1883 -0.26477 0.1305 -0.2673
5 0.2167 -0.2718 0.2467 -0.2759 0.2435 -0.26443 0.21447 -0.2624
6 0 0 0 0 0 0 0 0
7 -0.246838 -0.257349 -0.21443 -0.2917 -0.2033 -0.2336 -0.246838 -0.225143
8 -0.181195 -0.292032 -0.101628 -0.279645 -0.100608 -0.2302 -0.170255 -0.235052
9 -0.07378 -0.27469 -0.0037 -0.2668 -0.005318 -0.21996 -0.0789 -0.22253
10 0.0316458 -0.264781 0.0994 -0.259362 0.0976 -0.22649 0.0256783 -0.21895
11 0.122085 -0.2573 0.1874 -0.2554 0.184837 -0.219 0.1175 -0.21719
12 0.2074 -0.252138 0.24296 -0.2539 0.245 -0.22492 0.20952 -0.2201
13 0.24465 -0.259862 0.2604 -0.2639 0.26456 -0.23 0.2501 -0.2285
14 -0.247832 -0.194176 -0.19313 -0.205324 -0.194125 -0.132242 -0.245843 -0.118617
15 -0.167271 -0.205324 -0.0956609 -0.201608 -0.100634 -0.137197 -0.168265 -0.131003
16 -0.0727854 -0.200369 -0.005 -0.19946 -0.00771 -0.13565 -0.0757692 -0.134719
17 0.0306513 -0.196653 0.0956 -0.1956 0.0957 -0.13766 0.0286621 -0.139674
18 0.1257 -0.198 0.1859 -0.20244 0.19 -0.1366 0.1256 -0.1322
19 0.2104 -0.19875 0.247 -0.2052 0.266 -0.138 0.2151 -0.138
20 0.2559 -0.2081 0.282281 -0.217711 0.294216 -0.152061 0.27715 -0.14438
21 -0.243854 -0.0938431 -0.19313 -0.0963204 -0.202081 -0.0145676 -0.250816 -0.00713554
22 -0.166276 -0.0987978 -0.104612 -0.102514 -0.11058 -0.0219997 -0.176222 -0.017045
23 -0.0757692 -0.109946 -0.00081 -0.1033 -0.00614833 -0.0281931 -0.0837259 -0.0257157
24 0.0296567 -0.10623 0.102261 -0.107469 0.102261 -0.0294318 0.0266729 -0.0269544
25 0.131104 -0.107469 0.1927 -0.1022 0.196747 -0.0306704 0.132099 -0.0343865
26 0.221611 -0.104991 0.2676 -0.1057 0.278303 -0.0319091 0.231557 -0.0319091
27 0.2794 -0.1076 0.304162 -0.114901 0.3159 -0.0246 0.2912 -0.02365
28 -0.256783 0.0250701 -0.209043 0.0238314 -0.223962 0.114255 -0.268718 0.125403
29 -0.18219 0.0188767 -0.11058 0.010206 -0.122515 0.103107 -0.200092 0.1093
30 -0.0797475 0.010206 -0.0081375 0.00525125 -0.0121158 0.0857654 -0.0896934 0.0919588
31 0.0286621 0.00401257 0.100272 0.00153521 0.101267 0.083288 0.0217 0.0820493
32 0.136077 0.00401257 0.202714 0.00648993 0.211665 0.087004 0.133093 0.0820493
33 0.234541 0.00525125 0.2866 0.01253 0.2972 0.0944361 0.243492 0.0882427
34 0.2971 0.01442 0.31906 0.01422 0.3234 0.108 0.30814 0.0981522
35 -0.265735 0.155131 -0.24087 0.153893 -0.246955 0.2275 -0.267724 0.233168
36 -0.208049 0.146461 -0.125498 0.129119 -0.139423 0.202201 -0.22988 0.2202
37 -0.0906879 0.125403 -0.0150996 0.115494 -0.0210671 0.178666 -0.103618 0.188576
38 0.0217 0.111778 0.101267 0.113016 0.102261 0.176189 0.0177217 0.17495
39 0.140055 0.114255 0.218628 0.121687 0.22559 0.189814 0.140055 0.181144
40 0.248465 0.125403 0.299189 0.129119 0.299189 0.212111 0.255427 0.194769
41 0.3103 0.1412 0.327744 0.142 0.3158 0.215 0.299189 0.212111
42 0 0 0 0 0 0 0 0
43 -0.228935 0.229452 -0.147379 0.224497 -0.151358 0.248032 -0.237886 0.249271
44 -0.105607 0.209633 -0.0250454 0.200962 -0.0230563 0.236884 -0.114558 0.2406
45 0.0167271 0.198485 0.105245 0.198485 0.110218 0.233168 0.0167271 0.231929
46 0.147018 0.199724 0.22559 0.210872 0.2236 0.244316 0.143039 0.234407
47 0.2521 0.222739 0.299189 0.219543 0.29521 0.235645 0.254433 0.236884
48 0 0 0 0 0 0 0 0
