0 0 0
1 -0.153 -0.313
2 -0.042 -0.3
3 0.0656 -0.284
4 0.16 -0.276
5 0.23 -0.27
6 0 0
7 -0.237 -0.262
8 -0.148 -0.258
9 -0.04 -0.241
10 0.06 -0.24
11 0.153 -0.242
12 0.228 -0.243
13 0.255 -0.248
14 -0.232 -0.164
15 -0.142 -0.167
16 -0.049 -0.166
17 0.058 -0.163
18 0.156 -0.167
19 0.235 -0.168
20 0.272 -0.1794
21 -0.234 -0.046
22 -0.149 -0.058
23 -0.049 -0.062
24 0.059 -0.063
25 0.157 -0.066
26 0.249 -0.067
27 0.297 -0.069
28 -0.251 0.077
29 -0.164 0.064
30 -0.058 0.055
31 0.054 0.049
32 0.164 0.049
33 0.267 0.054
34 0.311 0.058
35 -0.263 0.197
36 -0.183 0.1783
37 -0.066 0.159
38 0.053 0.1564
39 0.177 0.161
40 0.277 0.176
41 0.316 0.18
42 0 0
43 -0.201 0.24
44 -0.075 0.232
45 0.057 0.23
46 0.177 0.234
47 0.277 0.234
48 0 0
