0 0 0 0 0 0 0 0 0
1 -0.183901 -0.313264 -0.104539 -0.318645 -0.106832 -0.296482 -0.197187 -0.301811
2 -0.070452 -0.31772 0.00593048 -0.30731 -0.000933481 -0.281746 -0.0764611 -0.289389
3 0.0361229 -0.301843 0.107161 -0.294853 0.10126 -0.273212 0.0319366 -0.278269
4 0.136128 -0.291114 0.19422 -0.28385 0.179072 -0.251864 0.12607 -0.271714
5 0.196701 -0.262109 0.241858 -0.283054 0.2635 -0.262917 0.197125 -0.276584
6 0 0 0 0 0 0 0 0
7 -0.235884 -0.275258 -0.20783 -0.301063 -0.196471 -0.240973 -0.247612 -0.226804
8 -0.187693 -0.31037 -0.101104 -0.279856 -0.101676 -0.230158 -0.170872 -0.236166
9 -0.0715108 -0.276375 0.00266901 -0.267811 -0.00106913 -0.221935 -0.0722026 -0.225903
10 0.0326299 -0.264271 0.102504 -0.264298 0.0969373 -0.221406 0.0302647 -0.223587
11 0.126705 -0.258305 0.186737 -0.264791 0.183126 -0.226178 0.126326 -0.221651
12 0.21573 -0.272138 0.248276 -0.2739 0.243221 -0.228841 0.204083 -0.225937
13 0.246018 -0.279862 0.240425 -0.283868 0.272154 -0.248064 0.254954 -0.226314
14 -0.243252 -0.202693 -0.194127 -0.208416 -0.192853 -0.133614 -0.242918 -0.12598
15 -0.166798 -0.20624 -0.0983415 -0.202883 -0.101496 -0.138117 -0.163227 -0.135305
16 -0.0686109 -0.200954 -0.00112553 -0.200279 -0.00437253 -0.141892 -0.0703323 -0.139446
17 0.031266 -0.198018 0.0974934 -0.197769 0.0965568 -0.140235 0.0307224 -0.141058
18 0.128309 -0.198565 0.186999 -0.20428 0.188484 -0.143384 0.128493 -0.139201
19 0.21185 -0.201962 0.266997 -0.208008 0.260035 -0.142946 0.219222 -0.142971
20 0.266888 -0.216802 0.279926 -0.215485 0.292863 -0.153235 0.272161 -0.141846
21 -0.242488 -0.0911922 -0.19478 -0.0971385 -0.203663 -0.0160628 -0.248373 -0.0101634
22 -0.164358 -0.0997267 -0.105174 -0.102801 -0.111568 -0.0288507 -0.173887 -0.0209699
23 -0.0718148 -0.105729 -0.00529623 -0.104263 -0.00880477 -0.0321128 -0.0781671 -0.0303879
24 0.0311971 -0.104588 0.0984515 -0.104748 0.0978408 -0.0364966 0.0299737 -0.0328074
25 0.131812 -0.105205 0.190548 -0.105816 0.195533 -0.0371404 0.133781 -0.0372157
26 0.222747 -0.108259 0.267584 -0.111031 0.27999 -0.0340607 0.230124 -0.0343373
27 0.281005 -0.110764 0.301561 -0.120194 0.316646 -0.0362605 0.295072 -0.0288682
28 -0.254302 0.0271465 -0.210576 0.0229232 -0.227622 0.112367 -0.265563 0.116837
29 -0.180224 0.0188904 -0.11619 0.0137744 -0.125091 0.0944718 -0.195365 0.104888
30 -0.0797372 0.0124953 -0.010299 0.00939624 -0.0137726 0.080408 -0.086592 0.0888822
31 0.0292031 0.00737635 0.0977884 0.00590608 0.097239 0.0743637 0.023368 0.0776648
32 0.13632 0.00360679 0.19908 0.00561121 0.209035 0.0799045 0.138604 0.0748817
33 0.235472 0.00649118 0.285508 0.00723965 0.296256 0.090012 0.245601 0.0861571
34 0.300756 0.00976412 0.315042 0.0044913 0.322951 0.0944608 0.310839 0.100192
35 -0.266398 0.152988 -0.235859 0.153845 -0.244243 0.23179 -0.264937 0.231989
36 -0.204005 0.146267 -0.129229 0.132177 -0.140713 0.196108 -0.223716 0.218314
37 -0.0910948 0.126416 -0.016291 0.116992 -0.0222732 0.171815 -0.0996947 0.18477
38 0.0226118 0.112724 0.0993238 0.111437 0.101656 0.17029 0.0203622 0.16929
39 0.142487 0.113556 0.216822 0.122794 0.222454 0.184457 0.14624 0.175194
40 0.252797 0.125654 0.300464 0.130713 0.300966 0.208411 0.256887 0.192267
41 0.320502 0.131783 0.330095 0.133849 0.313955 0.206569 0.29401 0.209859
42 0 0 0 0 0 0 0 0
43 -0.235148 0.231929 -0.145525 0.222975 -0.147933 0.241329 -0.233765 0.242108
44 -0.104267 0.210052 -0.0226846 0.197223 -0.0210993 0.230451 -0.109313 0.237623
45 0.0216407 0.196827 0.10488 0.198609 0.108677 0.230027 0.0196161 0.227806
46 0.149467 0.202988 0.227488 0.211609 0.218942 0.237882 0.147646 0.233966
47 0.258536 0.215812 0.30762 0.210424 0.301491 0.232262 0.25196 0.234383
48 0 0 0 0 0 0 0 0
