1 603 4 
2 909 10
3 1035 10
4 1130 10
5 1218 3 
6 1302 2
7 1664 3
8 2025 7
9 2087 5
10 2123 3
11 2146 3 
12 2325 7
13 2380 3
14 2410 3 
15 2424 2 
16 2514 5
17 2638 3 
18 2779 7
19 3003 3 
20 3130 10
21 3356 2 
22 3603 4
23 3653 3 
24 3735 5
25 3785 7
26 4006 3
27 4126 3
28 4161 3
29 4197 3
30 4352 3
31 4527 3
32 4625 7
33 4670 5
34 4775 3
35 4864 3
36 4920 5
37 4987 5
38 5054 5
39 5138 5
40 5305 5
41 5350 5
42 5445 5
43 5510 5
44 5560 3
45 5670 5
46 5828 3
47 5930 5
48 6065 5
49 6350 15
50 6550 15
51 6650 15
52 6750 15