1   762     10
2   1317    3
3   1691    0.4
4   1665    6
5   0       0
6   1764    5
7   1781    0.4
8   2024    5
9   2100    0.4
10  2368    6
11  2370    5
12  2481    2
13  2710    7
14  2744    3
15  2810    10
16  2886    7
17  2941    4
18  2957    7
19  0   0
20  3066    6
21  3173    0.6
22  3350    4
23  3469    6
24  3515    6
25  3576    5
26  3857    2
27  3926    5
28  4209    5
29  4330    8
30  4474    5
31  4505    6
32  4719    5
33  4860    4
34  4923    6
35  5039    2
36  5101    4
37  5225    4
38  5317    3
39  5623    3
40  5723    3
41  5855    9
42  6011    10
43  6100    5
44  6344    8
45  6389    10
46  6480    8  
47  6628    10
48  6657    9
49  6715    9