11 71.6707 0.579619
12 39.1597 0.34475
13 35.435 0.295651
14 30.0556 0.248124
15 28.2034 0.238254
21 33.825 0.281944
22 37.2248 0.310493
23 30.67 0.253957
24 31.0909 0.259247
25 30.0461 0.253285
31 358.394 3.03369
32 37.237 0.312756
33 40.0479 0.342862
34 38.3457 0.315136
35 35.4814 0.298554
41 3002.7 32.9494
42 69.2702 0.643301
43 69.0458 0.641518
44 70.6234 0.643887
45 67.3475 0.626441
51 125.782 0.991189
52 89.4818 0.759672
53 34.1636 0.279582
54 119.986 0.95607
55 36.231 0.310734
61 110.459 0.873787
62 46.3945 0.420927
63 29.6605 0.238494
64 29.5943 0.303851
65 29.9047 0.249212
71 30.211 0.257076
72 31.1263 0.381557
73 28.5923 0.243071
74 28.9601 0.320138
75 28.3554 0.341004
81 28.9952 0.242633
82 28.1851 0.288993
83 28.244 0.239236
84 29.1652 0.253075
85 27.8641 0.286479
