D1.1	10000   13000
D1.2	10000   13000
D1.3	 9500   12000
D1.4     8500   11000
D1.5	 8000   10500
D1.R	0       0       0       0
D2.1    11000   12500
D2.2	10000   12000
D2.3     9500   11500
D2.4	 9000   11000
D2.5	 8000   10000
D2.R	0       0       0       0
D3.1    11000   12500
D3.2	10000   12500
D3.3	10000   12000
D3.4	 9000   11000
D3.5	13000   14500
D3.R	0       0       0       0
D4.1    11500   12500
D4.2    10000   12000
D4.3	 9500   11500	
D4.4	 9000   11000
D4.5    13000   15000
D4.R	0       0       0       0
D5.1	14000   15500	18500   20000
D5.2	13500   15000   18000   20000		
D5.3	13000   15000	17500   19000   	
D5.4	13500   15000   18500   20500		
D5.5	13500   15000   18000   20000		
D5.R	0       0       0       0
D6.1	13500   15000   18000   20000	
D6.2    13000   15000   18000   19500
D6.3	12500   14000   16500   18000
D6.4	13500   15000   18000   20000	
D6.5    13500   15000   18000   20000		
D6.R	0       0       0       0
D7.1	13500   15000   18000   20000		
D7.2	13500   15000   18000   20000		
D7.3    13000   14500   17500   19500   
D7.4	14000   15500   18500   20000	
D7.5	13000   15000   18000   20000
D7.R	0       0       0       0
D8.1    13500   15000   18500   20000
D8.2    13500   15000   18000   20000
D8.3    13000   14500   18000   19500
D8.4    13000   15000   18000   19500
D8.5    13000   15000   17500   19500
D8.R 	0       0       0       0
