0 0 0
1 0 0
2 0 0
3 0 0
4 0 0
5 0 0
6 0 0
7 0 0
8 0 0
9 0 0
10 -0.194456 -0.225893
11 -0.0868112 -0.228107
12 0.0277254 -0.22709
13 0.140943 -0.229544
14 0 0
15 0 0
16 0 0
17 -0.293842 -0.112377
18 -0.187785 -0.125106
19 -0.080973 -0.132707
20 0.0295887 -0.135781
21 0.142491 -0.138331
22 0.250196 -0.145368
23 0 0
24 0 0
25 -0.28573 -0.0118797
26 -0.191058 -0.0213263
27 -0.0808614 -0.0321501
28 0.031134 -0.038444
29 0.148868 -0.0410228
30 0.256693 -0.0456649
31 0 0
32 0 0
33 -0.275549 0.0934205
34 -0.19018 0.0838341
35 -0.0842443 0.0711618
36 0.0352538 0.0629304
37 0.154557 0.0593978
38 0.260022 0.0535006
39 0 0
40 0 0
41 -0.261917 0.187505
42 -0.191275 0.183664
43 -0.087134 0.178953
44 0.0373496 0.184224
45 0.156295 0.185018
46 0.257847 0.177427
47 0 0
48 0 0
49 0 0
50 -0.195535 0.265253
51 -0.0852802 0.283699
52 0.0315279 0.2899
53 0.147606 0.279987
54 0 0
55 0 0
56 0 0
57 0 0
58 0 0
59 0 0
60 0 0
61 0 0
62 0 0
63 0 0
