0 0 0
1 0 0
2 0 0
3 0 0
4 0 0
5 0 0
6 0 0
7 0 0
8 0 0
9 0 0
10 -0.194458 -0.225896
11 -0.0868125 -0.228113
12 0.027725 -0.227091
13 0.140944 -0.229545
14 0 0
15 0 0
16 0 0
17 -0.293843 -0.112378
18 -0.187785 -0.125106
19 -0.0809728 -0.132707
20 0.0295886 -0.135781
21 0.142492 -0.138331
22 0.250197 -0.145368
23 0 0
24 0 0
25 -0.285731 -0.0118795
26 -0.191058 -0.0213265
27 -0.0808603 -0.0321503
28 0.0311351 -0.0384442
29 0.148869 -0.041023
30 0.256694 -0.0456649
31 0 0
32 0 0
33 -0.275549 0.0934198
34 -0.190181 0.0838333
35 -0.0842435 0.0711615
36 0.0352542 0.0629308
37 0.154557 0.0593976
38 0.260023 0.0535008
39 0 0
40 0 0
41 -0.261936 0.187502
42 -0.191255 0.183661
43 -0.0871281 0.178955
44 0.0373501 0.184223
45 0.156295 0.185015
46 0.257848 0.177426
47 0 0
48 0 0
49 0 0
50 -0.195539 0.265251
51 -0.0852807 0.283699
52 0.0315272 0.289901
53 0.147606 0.279986
54 0 0
55 0 0
56 0 0
57 0 0
58 0 0
59 0 0
60 0 0
61 0 0
62 0 0
63 0 0
