ALL POINTS NO EDGE
RES LIMIT





   1  p0           1.61962e+00   1.67155e-02   3.75823e-08  -1.09151e+00
   2  p1           1.00000e-02   4.69337e-06  -8.14791e-07** at limit **
   3  p2           1.00000e-02   3.85122e-06  -4.73989e-07** at limit **
   4  p3           0.00000e+00     fixed    
   5  p4           0.00000e+00     fixed    
   6  p5           0.00000e+00     fixed    
   7  p6           0.00000e+00     fixed    
   8  p7           0.00000e+00     fixed    
   9  p8           0.00000e+00     fixed    
  10  p9           6.69101e-02   3.22440e-04  -2.33252e-07  -7.11934e-02
  11  p10          0.00000e+00     fixed    
  12  p11          0.00000e+00     fixed    
  13  p12         -2.12890e-01   1.02665e-03   2.22287e-07  -1.65662e-02
  14  p13         -9.67696e-02   9.62694e-04   5.44941e-07  -7.84157e-03
  15  p14          4.10683e-02   1.25219e-03   3.55423e-08  -3.38816e-03
  16  p15          1.25896e-01   9.92524e-04   2.44651e-07   3.58559e-04
  17  p16          0.00000e+00     fixed    
  18  p17          0.00000e+00     fixed    
  19  p18          0.00000e+00     fixed    
  20  p19         -3.23675e-01   1.53177e-03  -1.82011e-06  -7.37464e-03
  21  p20         -1.75834e-01   1.09705e-03   4.17064e-07   1.54010e-02
  22  p21         -7.49471e-02   1.22710e-03  -2.24149e-07  -1.77922e-02
  23  p22          1.42447e-02   1.04545e-03  -9.34414e-07   2.46605e-02
  24  p23          1.56924e-01   1.05997e-03  -1.60405e-07   1.63609e-02
  25  p24          2.94939e-01   3.30005e-03   2.19027e-06   3.86249e-03
  26  p25          0.00000e+00     fixed    
  27  p26         -2.99298e-01   9.68071e-04   1.20218e-07   5.23601e-03
  28  p27         -2.83963e-01   1.06186e-03   1.71389e-06  -1.99513e-02
  29  p28         -1.87870e-01   1.01118e-03   8.15198e-08   7.27036e-03
  30  p29         -8.14771e-02   1.44447e-03  -2.14928e-07  -8.72760e-03
  31  p30          2.95874e-02   1.51687e-03   3.50307e-07  -2.95056e-03
  32  p31          1.41621e-01   1.01029e-03  -7.25265e-07  -5.51215e-03
  33  p32          2.33886e-01   9.49863e-04   1.04317e-07  -2.77546e-02
  34  p33          2.62854e-01   1.02321e-03   7.25209e-07  -4.98314e-03
  35  p34         -2.93730e-01   1.25000e-03  -1.09850e-06  -1.46005e-02
  36  p35         -2.71141e-01   1.18967e-03  -3.87443e-07  -1.36872e-02
  37  p36         -1.88010e-01   1.05660e-03   8.25735e-07   1.45219e-02
  38  p37         -8.22500e-02   1.35349e-03  -4.74843e-07  -2.03700e-03
  39  p38          3.00960e-02   1.09078e-03  -2.34136e-07  -1.91732e-02
  40  p39          1.47282e-01   1.43860e-03  -5.61846e-07   7.00066e-03
  41  p40          2.74625e-01   1.28870e-03   1.77607e-08   1.32405e-02
  42  p41          2.40000e-01   6.48759e-05  -3.09660e-06** at limit **
  43  p42         -2.59520e-01   1.59969e-03  -2.52513e-06  -3.10427e-03
  44  p43         -2.83140e-01   9.15751e-04   7.46524e-07  -2.32272e-02
  45  p44         -1.85345e-01   9.83668e-04  -6.52233e-07   1.03350e-02
  46  p45         -8.52536e-02   1.48808e-03  -3.20370e-07   1.25575e-02
  47  p46          3.43671e-02   1.52979e-03  -6.51567e-08  -8.53850e-04
  48  p47          1.47461e-01   1.09354e-03   3.95597e-07  -5.83497e-03
  49  p48          2.28758e-01   1.29932e-03   3.83307e-07  -2.80872e-03
  50  p49          2.79147e-01   9.98241e-04  -1.22362e-07  -1.49093e-02
  51  p50         -2.73687e-01   1.50593e-03  -2.68945e-07  -3.73927e-03
  52  p51         -2.10000e-01   1.60400e-04  -4.65286e-06** at limit **
  53  p52         -1.78448e-01   1.19238e-03   7.93313e-07   3.49020e-03
  54  p53         -8.89115e-02   1.13788e-03   5.93036e-07  -1.49575e-02
  55  p54          3.77735e-02   1.28842e-03  -1.46331e-07  -1.46345e-02
  56  p55          1.54195e-01   1.15006e-03   4.75708e-07   4.23852e-03
  57  p56          2.39756e-01   1.41105e-03   2.53816e-07   8.23329e-05
  58  p57          2.68211e-01   1.25213e-03  -9.61519e-07   9.29380e-03
  59  p58          0.00000e+00     fixed    
  60  p59         -2.79994e-01   1.70641e-03   1.63162e-06  -9.05280e-03
  61  p60         -2.43428e-01   1.02716e-03   4.49902e-06   8.01692e-03
  62  p61         -1.05331e-01   9.32073e-04  -9.10010e-07   7.91046e-03
  63  p62          1.56423e-02   1.15891e-03   5.64236e-07  -6.60428e-03
  64  p63          1.23915e-01   1.39232e-03  -5.03734e-07   6.97868e-04
  65  p64          3.00000e-01   2.78395e-03   4.29435e-05** at limit **
  66  p65          0.00000e+00     fixed    
  67  p66          0.00000e+00     fixed    
  68  p67          0.00000e+00     fixed    
  69  p68         -1.90918e-01   9.45387e-04  -1.34197e-06   1.00855e-02
  70  p69         -6.99386e-02   1.27498e-03   3.48395e-07  -8.06035e-04
  71  p70          4.55241e-02   1.02934e-03  -1.34460e-07   4.71769e-03
  72  p71          1.70184e-01   1.22790e-03  -1.33383e-07   6.31244e-03
  73  p72          0.00000e+00     fixed    
  74  p73          0.00000e+00     fixed    
  75  p74          0.00000e+00     fixed    
  76  p75          0.00000e+00     fixed    
  77  p76         -2.34505e-01   8.80291e-04   3.50408e-07   3.09644e-02
  78  p77         -2.37786e-01   9.62460e-04  -3.97851e-07   7.66127e-03
  79  p78         -2.23237e-01   7.76987e-04   9.49171e-09   7.58724e-03
  80  p79         -2.33495e-01   7.11043e-04  -2.49537e-07  -2.93694e-02
  81  p80          0.00000e+00     fixed    
  82  p81          0.00000e+00     fixed    
  83  p82          0.00000e+00     fixed    
  84  p83         -2.53319e-01   2.12712e-03   9.87411e-07   5.89185e-03
  85  p84         -2.16397e-01   7.63795e-04  -2.48964e-07   2.60869e-02
  86  p85         -2.22049e-01   1.08054e-03   8.99240e-07  -9.31220e-04
  87  p86         -2.29390e-01   9.75502e-04  -1.87064e-07   3.94038e-03
  88  p87         -2.23740e-01   7.97549e-04   1.23149e-06  -4.20251e-03
  89  p88         -2.80000e-01   5.50208e-04   1.99204e-05** at limit **
  90  p89          0.00000e+00     fixed    
  91  p90         -1.21868e-01   9.64441e-04  -9.18884e-07  -5.99840e-03
  92  p91         -1.04170e-01   9.54123e-04  -4.30028e-07  -3.02587e-03
  93  p92         -1.24338e-01   6.50305e-04  -3.25390e-07   1.25715e-02
  94  p93         -1.31810e-01   6.34454e-04  -2.83546e-07  -2.21062e-02
  95  p94         -1.35028e-01   6.20143e-04   7.89616e-09  -4.22002e-03
  96  p95         -1.37592e-01   7.37992e-04   3.80701e-07   1.00788e-02
  97  p96         -1.53497e-01   9.15120e-04  -1.38917e-07   2.11680e-02
  98  p97         -1.37914e-01   8.61480e-04  -2.38997e-07   8.87771e-03
  99  p98         -1.36528e-02   8.03745e-04  -1.54500e-08  -2.43560e-02
 100  p99         -9.91683e-03   9.51850e-04   1.21434e-08  -1.24972e-02
 101  p100        -2.18862e-02   7.99134e-04  -1.33122e-06   1.05450e-02
 102  p101        -3.27668e-02   1.06699e-03  -6.27269e-07  -2.21545e-02
 103  p102        -3.89118e-02   6.25182e-04  -4.94716e-09   4.97774e-03
 104  p103        -4.17150e-02   7.10118e-04  -1.36059e-07   3.33687e-03
 105  p104        -3.97735e-02   9.28242e-04  -5.74674e-07   2.17977e-02
 106  p105        -5.16506e-02   8.34511e-04   3.28638e-08  -2.14526e-02
 107  p106         9.38891e-02   1.04297e-03  -4.18417e-07   2.76015e-02
 108  p107         9.09540e-02   1.02361e-03   2.20332e-07   9.76939e-03
 109  p108         8.37344e-02   9.32073e-04   5.51211e-07   1.90653e-02
 110  p109         7.09275e-02   8.84531e-04   5.87183e-07  -2.66339e-02
 111  p110         6.18555e-02   1.03034e-03   2.07426e-07  -3.59264e-03
 112  p111         5.74303e-02   1.04388e-03  -3.05903e-07   3.71738e-03
 113  p112         4.50991e-02   8.54729e-04  -1.24752e-06   1.23071e-02
 114  p113         6.01608e-02   8.96192e-04   6.59432e-07  -1.48907e-02
 115  p114         1.78365e-01   9.39535e-04   1.34593e-06  -4.58949e-03
 116  p115         1.78452e-01   8.41702e-04   2.80055e-06   7.47726e-03
 117  p116         1.88377e-01   8.76777e-04   9.73377e-07  -2.43137e-02
 118  p117         1.78019e-01   1.05527e-03   1.42737e-07   7.05436e-03
 119  p118         1.83337e-01   1.16071e-03   4.95504e-07   2.57524e-02
 120  p119         1.83366e-01   1.11921e-03   1.15826e-06  -2.60074e-02
 121  p120         1.66217e-01   1.04844e-03   2.87827e-08  -1.88914e-02
 122  p121         1.88687e-01   1.27648e-03   1.91056e-07  -2.63346e-02
 123  p122         0.00000e+00     fixed    
 124  p123         3.06569e-01   2.09816e-03   4.30373e-05  -1.22112e-03
 125  p124         2.10000e-01   9.30182e-05  -1.27789e-05** at limit **
 126  p125         2.71738e-01   9.87540e-04   1.51083e-07  -3.34167e-02
 127  p126         2.79700e-01   1.09046e-03   3.48993e-08  -9.83382e-03
 128  p127         2.69047e-01   1.03320e-03  -2.06180e-07   1.24674e-02
 129  p128         3.20841e-01   2.56868e-03  -1.19837e-05   1.37432e-02
 130  p129         0.00000e+00     fixed    
 131  p130         0.00000e+00     fixed    
 132  p131         0.00000e+00     fixed    
 133  p132         2.69530e-01   1.00759e-03   4.40389e-07   4.00388e-03
 134  p133         2.93743e-01   8.53614e-04   2.06643e-08  -5.43682e-03
 135  p134         2.99649e-01   1.16159e-03  -1.54734e-07   4.73508e-03
 136  p135         2.86437e-01   1.03175e-03  -1.24999e-07  -1.18097e-02
 137  p136         0.00000e+00     fixed    
 138  p137         0.00000e+00     fixed    
 139  p138         5.00000e-01     fixed    
 140  p139         0.00000e+00     fixed    
 141  p140         0.00000e+00     fixed    
 142  p141         0.00000e+00     fixed    
 143  p142         5.00000e-01     fixed    
 144  p143         0.00000e+00     fixed    
 145  p144         0.00000e+00     fixed    
 146  p145         0.00000e+00     fixed    
 147  p146         5.00000e-01     fixed    
 148  p147         0.00000e+00     fixed    
 149  p148         0.00000e+00     fixed    
 150  p149         0.00000e+00     fixed    
 151  p150         5.00000e-01     fixed    
 152  p151         0.00000e+00     fixed    
 153  p152         0.00000e+00     fixed    
 154  p153         0.00000e+00     fixed   
