11 30.6244 0.131671
12 31.2317 0.131714
13 32.1379 0.134023
14 0 0
15 32.4386 0.135587
21 30.6564 0.134742
22 35.3859 0.160579
23 0 0
24 38.6484 0.171991
25 31.2682 0.141718
31 30.1454 0.152036
32 29.9287 0.140935
33 29.6739 0.1508
34 28.6502 0.153434
35 28.3992 0.135037
41 45.6745 0.193823
42 1114.86 5.1716
43 42.6919 0.181454
44 38.902 0.167894
45 38.4061 0.169768
51 28.7764 0.130686
52 29.3914 0.126943
53 28.1091 0.124621
54 29.4866 0.128469
55 28.3358 0.126356
61 0 0
62 136.472 0.609063
63 138.93 0.618933
64 138.282 0.608139
65 134.47 0.605508
71 28.5304 0.136773
72 28.926 0.135865
73 27.1721 0.133763
74 28.1917 0.146696
75 27.6109 0.128419
81 154.918 0.701314
82 53.0311 0.235272
83 131.423 0.589437
84 315.289 1.41474
85 49.2755 0.211864
