D1.1    29.05   46.11   2098    3338
D1.2    28.87   45.78   2094    3336
D1.3    28.08   44.61   2091    3333
D1.4    26.91   42.77   2085    3329    
D1.5    27.50   43.76   2080    3326
D2.1    28.58   45.33   2098    3338
D2.2    28.44   45.13   2094    3336
D2.3    29.64   47.05   2091    3333
D2.4    28.57   45.43   2085    3329
D2.5    28.72   45.71   2080    3326
D3.1    28.57   45.33   2098    3338
D3.2    28.76   45.68   2094    3336
D3.3    29.84   47.35   2091    3333
D3.4    27.81   44.17   2085    3329
D3.5    26.94   42.82   2080    3326
D4.1    28.17   44.68   2098    3338
D4.2    28.59   45.38   2094    3336
D4.3	28.63   45.46   2091    3333
D4.4    28.23   44.80   2085    3329
D4.5    29.07   46.22   2080    3326
D5.1	26.80   42.36   2120    3354
D5.2	25.92	40.99   2120    3354        
D5.3	25.73   40.66   2120    3354
D5.4	26.32   41.60   2120    3354
D5.5	25.91   40.94   2120    3353    	     
D6.1	28.62   45.13   2120    3354   
D6.2    28.51   45.03   2120    3354
D6.3    26.33   41.6    2120    3354
D6.4	28.98   45.77   2120    3354
D6.5    28.93   45.67   2120    3354
D7.1	25.94   40.96   2120    3354
D7.2	25.91   40.93   2120    3354
D7.3    25.33   39.97   2120    3354
D7.4    26.69   42.13   2120    3354
D7.5    25.94   40.97   2120    3354
D8.1    29.13   46.02   2120    3354
D8.2    28.77   45.43   2120    3354
D8.3    28.43   44.94   2120    3354
D8.4    28.72   45.40   2120    3354
D8.5    28.26   44.74   2120    3354