011 51 52 53 54 55 71 72 73 74 75
013	51 52 53 54 55 71 72 73 74 75
014	51 52 53 54 55 71 72 73 74 75
015	51 52 53 54 55 71 72 73 74 75
016	51 52 53 54 55 71 72 73 74 75
017	51 52 53 54 55 71 72 73 74 75
018	51 52 53 54 55 71 72 73 74 75
019	51 52 53 54 55 71 72 73 74 75
025	51 52 53 54 55 71 72 73 74 75 
026	51 52 53 54 55 71 72 73 74 75
027	51 52 53 54 55 71 72 73 74 75
028	51 52 53 54 55 71 72 73 74 75
030	51 52 53 54 55 71 72 73 74 75
031	51 52 53 54 55 71 72 73 74 75
032	51 52 53 54 55 71 72 73 74 75
033	51 52 53 54 55 71 72 73 74 75
034	51 52 53 54 55 71 72 73 74 75
036	51 52 53 54 55 71 72 73 74 75
037	51 52 53 54 55 71 72 73 74 75
038	51 52 53 54 55 71 72 73 74 75
039	51 52 53 54 55 71 72 73 74 75
51 52 53 54 55 71 72 73 74 75
