11 2.5599 0.0150151
12 2.0709 0.00623433
13 2.37049 0.00696911
14 2.2799 0.00686162
15 2.17874 0.00658763
21 2.14127 0.0063324
22 2.74831 0.00806291
23 2.19372 0.00661737
24 2.07558 0.00608726
25 2.17384 0.00647429
31 2.20245 0.019339
32 2.72898 0.00809978
33 2.81749 0.0083214
34 2.86693 0.00848151
35 2.73871 0.00806597
41 216.421 2.14687
42 2.58479 0.0168866
43 2.55563 0.0166483
44 2.65325 0.0171664
45 2.506005 0.0163437
51 2.243965.0229802
52 2.21188 0.0197466
53 2.49593 0.00739546
54 2.86868 0.0249169
55 2.13377 0.00643325
61 2.75862 0.0230698
62 3.44936 0.0107272
63 2.32947 0.00691571
64 2.15485 0.00765288
65 2.0922 0.00630412
71 2.15554 0.00648176
72 2.20931 0.00976576
73 2.09112 0.00629465
74 2.00538 0.0077165
75 2.03093 0.00826485
81 2.09794 0.00618697
82 2.01766 0.00713017
83 2.05955 0.00622539
84 2.09171 0.00667552
85 2.04327 0.0073056
