11 70.2533 0.206032
12 27.9444 0.0841248
13 31.2884 0.0919863
14 28.8853 0.0869336
15 27.7362 0.0838628
21 29.5857 0.0874942
22 36.8988 0.108252
23 29.8621 0.090079
24 28.0259 0.0821941
25 29.4724 0.0877771
31 88.6465 0.259459
32 36.7654 0.109122
33 39.4728 0.116582
34 37.4737 0.110862
35 34.7625 0.102381
41 2871.38 28.4837
42 69.0871 0.225675
43 68.9542 0.224596
44 70.5387 0.22819
45 67.4607 0.219984
51 123.641 0.316547
52 89.3613 0.265925
53 33.1034 0.0980854
54 120.027 0.347511
55 28.9305 0.0872245
61 110.439 0.30786
62 45.9266 0.142828
63 28.5899 0.0848775
64 29.1092 0.10338
65 28.5057 0.0858921
71 29.0534 0.0873644
72 29.9204 0.132256
73 27.4846 0.0827336
74 27.9717 0.107633
75 27.236 0.110836
81 28.4404 0.0838728
82 27.0696 0.0956606
83 27.3743 0.0827439
84 28.056 0.0895384
85 26.9984 0.0965313
