D1.1    29.2    46.4    80.7    2098    3338    5811
D1.2    28.82   45.7    79.6    2094    3336    5809
D1.3    28.11   44.64   77.7    2091    3333    5808
D1.4    26.92   42.76   74.5    2085    3329    5806    
D1.5    27.02   42.96   74.9    2080    3326    5803
D2.1    29.37   46.61   81.14   2098    3338    5811
D2.2    28.63   45.41   79.11   2094    3336    5809
D2.3    28.9    45.9    79.97   2091    3333    5808
D2.4    28.64   45.53   79.39   2085    3329    5806
D2.5    28.73   45.7    79.73   2080    3326    5803
D3.1    28.59   45.38   79.03   2098    3338    5811
D3.2    28.77   45.64   79.48   2094    3336    5809
D3.3    29.84   47.34   82.47   2091    3333    5808
D3.4    27.78   44.13   76.91   2085    3329    5806
D3.5    26.99   42.89   74.81   2080    3326    5803
D4.1    28.29   44.85   78.11   2098    3338    5811
D4.2    28.53   45.27   78.85   2094    3336    5809
D4.3	28.69   45.53   79.35   2091    3333    5808
D4.4    28.27   44.89   78.25   2085    3329    5806
D4.5    28.58   45.43   79.22   2080    3326    5803
D5.1	29.6    46.68   81.16   2120    3354    5822
D5.2	28.83	45.52   79.1    2120    3354    5823        
D5.3	28.49   44.96   78.17   2120    3354    5822
D5.4	29.88   47.19   82.04	2120    3354    5820
D5.5	29.09   45.9    79.8    2120    3353    5822    	     
D6.1	28.67   45.25   78.68   2120    3354    5822   
D6.2    28.52   45.04   78.30   2120    3354    5823
D6.3    26.36   41.6    72.35   2120    3354    5823
D6.4	28.98   45.77   79.6    2120    3354    5823
D6.5    29.26   46.16   80.26   2120    3354    5823
D7.1	28.92   45.65   79.33   2120    3354    5822
D7.2	29.03   45.81   79.63   2120    3354    5823
D7.3    28.15   44.43   77.23   2120    3354    5823
D7.4    29.95   47.25   82.14   2120    3354    5823
D7.5    28.81   45.42   78.98   2120    3354    5823
D8.1    29.11   45.92   79.84   2120    3354    5822
D8.2    28.77   45.39   78.88   2120    3354    5823
D8.3    28.47   44.94   78.14   2120    3354    5823
D8.4    28.74   45.37   78.88   2120    3354    5823
D8.5    28.37   44.75   77.83   2120    3354    5823